ACCIONA,191.000,1.17,2.20,13.62,193.400,186.900,28424,10478,2022-04-25 10:13
ACERINOX,9.614,-3.12,-0.31,-15.56,9.870,9.566,1061406,2601,2022-04-25 10:13
ACS,24.440,-0.49,-0.12,5.75,24.570,24.160,123843,7202,2022-04-25 10:13
AENA,148.100,-0.50,-0.75,6.70,149.200,145.150,15759,22215,2022-04-25 10:13
ALMIRALL,11.980,0.17,0.02,6.02,11.990,11.830,37098,2154,2022-04-25 10:11
AMADEUS IT GROUP,59.040,-0.14,-0.08,-1.01,59.320,57.440,73882,26597,2022-04-25 10:13
ARCELORMITTAL,27.785,-5.97,-1.76,-2.08,28.845,27.645,748318,26057,2022-04-25 10:13
BANCO SABADELL,0.770,-1.36,-0.01,35.23,0.777,0.763,6236563,4333,2022-04-25 10:13
BANKINTER,5.548,-0.39,-0.02,24.44,5.574,5.424,478962,4987,2022-04-25 10:13
BBVA,4.907,-1.98,-0.10,-2.25,4.943,4.885,3579183,32719,2022-04-25 10:13
CAIXABANK,3.029,-1.97,-0.06,31.60,3.063,3.010,1890696,24416,2022-04-25 10:13
CELLNEX TELECOM,45.050,-0.20,-0.09,-11.98,45.480,44.340,110469,30604,2022-04-25 10:13
CIE AUTOMOTIVE,20.140,-1.47,-0.30,-25.41,20.320,20.000,38210,2468,2022-04-25 10:13
COLONIAL,8.065,-0.80,-0.07,-2.24,8.150,8.015,99142,4352,2022-04-25 10:11
ENAGAS,20.470,-0.05,-0.01,0.34,20.520,20.300,87865,5363,2022-04-25 10:10
ENDESA,19.925,0.33,0.06,-1.36,20.250,19.505,217881,21096,2022-04-25 10:13
FERROVIAL,24.250,-0.90,-0.22,-12.01,24.490,24.020,135278,17790,2022-04-25 10:13
FLUIDRA,25.400,-2.46,-0.64,-27.84,25.920,25.040,81485,4969,2022-04-25 10:13
GRIFOLS,16.370,0.86,0.14,-2.99,16.425,15.990,228097,6976,2022-04-25 10:14
IAG,1.763,-1.01,-0.02,3.46,1.799,1.730,5029927,8765,2022-04-25 10:13
IBERDROLA,10.465,0.29,0.03,2.22,10.650,10.340,1993108,67369,2022-04-25 10:13
INDITEX,20.020,-1.48,-0.30,-29.83,20.380,19.990,762473,62395,2022-04-25 10:13
INDRA,9.415,1.78,0.16,-1.10,9.450,9.100,209008,1663,2022-04-25 10:11
MAPFRE,1.880,-1.05,-0.02,4.13,1.890,1.875,900907,5790,2022-04-25 10:12
MELIÁ HOTELS,7.080,1.22,0.09,17.96,7.115,6.850,195030,1560,2022-04-25 10:13
MERLIN PROP,10.820,0.00,0.00,13.06,10.860,10.680,302019,5083,2022-04-25 10:13
NATURGY,28.600,-0.45,-0.13,1.99,28.950,28.170,31986,27731,2022-04-25 10:14
PHARMA MAR,75.800,-0.66,-0.50,32.94,76.000,71.020,24406,1391,2022-04-25 10:12
RED ELÉCTRICA,18.660,0.57,0.10,-0.50,18.785,18.415,178191,10097,2022-04-25 10:11
REPSOL,12.795,-3.03,-0.40,26.00,13.090,12.785,1579200,20061,2022-04-25 10:13
ROVI,62.000,-0.80,-0.50,-15.99,62.100,61.000,18669,3476,2022-04-25 10:11
SANTANDER,3.111,-1.74,-0.05,5.80,3.149,3.107,8192527,53947,2022-04-25 10:13
SIEMENS GAMESA,15.240,0.53,0.08,-27.67,15.640,14.800,388170,10381,2022-04-25 10:13
SOLARIA,21.080,-0.52,-0.11,23.13,21.660,20.860,110202,2634,2022-04-25 10:13
TELEFÓNICA,4.820,-0.52,-0.02,25.13,4.830,4.767,1786128,27855,2022-04-25 10:14
ACCIONA,189.300,0.26,0.50,12.61,193.400,186.900,33670,10384,2022-04-25 11:13
ACERINOX,9.534,-3.93,-0.39,-16.26,9.870,9.520,1476291,2579,2022-04-25 11:12
ACS,24.170,-1.59,-0.39,4.58,24.570,24.080,219981,7122,2022-04-25 11:14
AENA,147.550,-0.87,-1.30,6.30,149.200,145.150,18132,22132,2022-04-25 11:12
ALMIRALL,12.000,0.33,0.04,6.19,12.000,11.830,60927,2157,2022-04-25 11:10
AMADEUS IT GROUP,59.020,-0.17,-0.10,-1.04,59.320,57.440,88706,26588,2022-04-25 11:13
ARCELORMITTAL,27.450,-7.11,-2.10,-3.26,28.845,27.405,1048834,25743,2022-04-25 11:14
BANCO SABADELL,0.765,-2.05,-0.02,34.28,0.777,0.763,7990726,4302,2022-04-25 11:13
BANKINTER,5.532,-0.68,-0.04,24.08,5.576,5.424,648830,4973,2022-04-25 11:11
BBVA,4.869,-2.74,-0.14,-3.01,4.943,4.863,5858876,32466,2022-04-25 11:13
CAIXABANK,3.019,-2.30,-0.07,31.16,3.063,3.010,2658388,24335,2022-04-25 11:14
CELLNEX TELECOM,45.390,0.55,0.25,-11.31,45.480,44.340,139963,30835,2022-04-25 11:12
CIE AUTOMOTIVE,20.020,-2.05,-0.42,-25.85,20.320,20.000,58858,2453,2022-04-25 11:13
COLONIAL,8.060,-0.86,-0.07,-2.30,8.150,8.015,136643,4349,2022-04-25 11:12
ENAGAS,20.380,-0.49,-0.10,-0.10,20.520,20.300,125868,5339,2022-04-25 11:12
ENDESA,19.740,-0.60,-0.12,-2.28,20.250,19.505,255262,20900,2022-04-25 11:13
FERROVIAL,23.910,-2.29,-0.56,-13.24,24.490,23.900,189194,17540,2022-04-25 11:14
FLUIDRA,25.160,-3.38,-0.88,-28.52,25.920,25.040,98401,4922,2022-04-25 11:11
GRIFOLS,16.260,0.18,0.03,-3.64,16.425,15.990,319803,6929,2022-04-25 11:12
IAG,1.751,-1.68,-0.03,2.76,1.799,1.730,6136521,8705,2022-04-25 11:13
IBERDROLA,10.445,0.10,0.01,2.03,10.650,10.340,2688949,67240,2022-04-25 11:14
INDITEX,19.990,-1.62,-0.33,-29.93,20.380,19.895,1211241,62302,2022-04-25 11:14
INDRA,9.230,-0.22,-0.02,-3.05,9.450,9.100,238906,1631,2022-04-25 11:13
MAPFRE,1.877,-1.21,-0.02,3.96,1.890,1.873,1220950,5780,2022-04-25 11:13
MELIÁ HOTELS,7.100,1.50,0.11,18.29,7.115,6.850,252413,1565,2022-04-25 11:13
MERLIN PROP,10.740,-0.74,-0.08,12.23,10.860,10.680,375656,5045,2022-04-25 11:13
NATURGY,28.620,-0.38,-0.11,2.06,28.950,28.170,40587,27750,2022-04-25 11:13
PHARMA MAR,75.520,-1.02,-0.78,32.44,76.000,71.020,26687,1386,2022-04-25 11:14
RED ELÉCTRICA,18.540,-0.08,-0.01,-1.14,18.785,18.415,200800,10032,2022-04-25 11:10
REPSOL,12.740,-3.45,-0.45,25.46,13.090,12.725,2331739,19975,2022-04-25 11:14
ROVI,61.800,-1.12,-0.70,-16.26,62.100,61.000,30427,3465,2022-04-25 11:05
SANTANDER,3.095,-2.26,-0.07,5.24,3.149,3.093,14111004,53661,2022-04-25 11:14
SIEMENS GAMESA,15.050,-0.73,-0.11,-28.57,15.640,14.800,535189,10251,2022-04-25 11:13
SOLARIA,20.840,-1.65,-0.35,21.73,21.660,20.710,164530,2604,2022-04-25 11:14
TELEFÓNICA,4.821,-0.50,-0.02,25.16,4.832,4.767,2326453,27861,2022-04-25 11:14
ACCIONA,190.700,1.01,1.90,13.44,193.400,186.900,39895,10461,2022-04-25 12:13
ACERINOX,9.516,-4.11,-0.41,-16.42,9.870,9.514,1708183,2575,2022-04-25 12:14
ACS,24.230,-1.34,-0.33,4.84,24.570,24.080,259340,7140,2022-04-25 12:13
AENA,148.300,-0.37,-0.55,6.84,149.200,145.150,21763,22245,2022-04-25 12:14
ALMIRALL,12.060,0.84,0.10,6.73,12.080,11.830,77394,2168,2022-04-25 12:12
AMADEUS IT GROUP,59.120,0.00,0.00,-0.87,59.320,57.440,113306,26634,2022-04-25 12:13
ARCELORMITTAL,27.395,-7.29,-2.15,-3.45,28.845,27.250,1276688,25691,2022-04-25 12:14
BANCO SABADELL,0.773,-1.00,-0.01,35.72,0.777,0.763,8794396,4349,2022-04-25 12:14
BANKINTER,5.568,-0.04,-0.00,24.89,5.578,5.424,754189,5005,2022-04-25 12:14
BBVA,4.899,-2.14,-0.11,-2.41,4.943,4.863,7893434,32666,2022-04-25 12:14
CAIXABANK,3.043,-1.52,-0.05,32.21,3.063,3.010,3158383,24529,2022-04-25 12:13
CELLNEX TELECOM,45.280,0.31,0.14,-11.53,45.480,44.340,173859,30760,2022-04-25 12:14
CIE AUTOMOTIVE,20.080,-1.76,-0.36,-25.63,20.320,20.000,64935,2461,2022-04-25 12:14
COLONIAL,8.110,-0.25,-0.02,-1.70,8.150,8.015,169042,4376,2022-04-25 12:13
ENAGAS,20.450,-0.15,-0.03,0.25,20.520,20.300,144786,5358,2022-04-25 12:14
ENDESA,19.875,0.08,0.01,-1.61,20.250,19.505,275563,21043,2022-04-25 12:13
FERROVIAL,23.930,-2.21,-0.54,-13.17,24.490,23.860,255188,17555,2022-04-25 12:14
FLUIDRA,25.000,-3.99,-1.04,-28.98,25.920,24.960,133605,4891,2022-04-25 12:12
GRIFOLS,16.340,0.68,0.11,-3.17,16.425,15.990,372077,6963,2022-04-25 12:13
IAG,1.785,0.20,0.00,4.72,1.799,1.730,6962756,8872,2022-04-25 12:13
IBERDROLA,10.515,0.77,0.08,2.71,10.650,10.340,3442356,67691,2022-04-25 12:12
INDITEX,20.060,-1.28,-0.26,-29.69,20.380,19.895,1547961,62520,2022-04-25 12:13
INDRA,9.265,0.16,0.02,-2.68,9.450,9.100,261827,1637,2022-04-25 12:14
MAPFRE,1.884,-0.84,-0.02,4.35,1.890,1.873,1375790,5802,2022-04-25 12:12
MELIÁ HOTELS,7.145,2.14,0.15,19.04,7.145,6.850,282916,1575,2022-04-25 12:11
MERLIN PROP,10.820,0.00,0.00,13.06,10.860,10.680,411663,5083,2022-04-25 12:10
NATURGY,28.790,0.21,0.06,2.66,28.950,28.170,47251,27915,2022-04-25 12:09
PHARMA MAR,75.760,-0.71,-0.54,32.87,76.000,71.020,28426,1391,2022-04-25 12:14
RED ELÉCTRICA,18.630,0.40,0.07,-0.66,18.785,18.415,224086,10080,2022-04-25 12:13
REPSOL,12.880,-2.39,-0.31,26.83,13.090,12.725,2622050,20194,2022-04-25 12:13
ROVI,61.750,-1.20,-0.75,-16.33,62.100,61.000,44153,3462,2022-04-25 12:08
SANTANDER,3.121,-1.42,-0.04,6.14,3.149,3.092,16658636,54120,2022-04-25 12:14
SIEMENS GAMESA,15.130,-0.20,-0.03,-28.19,15.640,14.800,614480,10306,2022-04-25 12:14
SOLARIA,20.790,-1.89,-0.40,21.44,21.660,20.710,185343,2598,2022-04-25 12:14
TELEFÓNICA,4.838,-0.14,-0.01,25.60,4.841,4.767,2905239,27959,2022-04-25 12:13
ACCIONA,190.700,1.01,1.90,13.44,193.400,186.900,45853,10461,2022-04-25 13:15
ACERINOX,9.512,-4.15,-0.41,-16.45,9.870,9.500,1949272,2573,2022-04-25 13:15
ACS,24.330,-0.94,-0.23,5.28,24.570,24.080,285123,7169,2022-04-25 13:14
AENA,148.150,-0.47,-0.70,6.74,149.200,145.150,26470,22222,2022-04-25 13:11
ALMIRALL,11.960,0.00,0.00,5.84,12.100,11.830,112070,2150,2022-04-25 13:12
AMADEUS IT GROUP,59.340,0.37,0.22,-0.50,59.440,57.440,132665,26733,2022-04-25 13:15
ARCELORMITTAL,27.230,-7.85,-2.32,-4.04,28.845,27.065,1471604,25537,2022-04-25 13:15
BANCO SABADELL,0.773,-0.97,-0.01,35.76,0.777,0.763,9529904,4350,2022-04-25 13:15
BANKINTER,5.574,0.07,0.00,25.03,5.592,5.424,883005,5010,2022-04-25 13:15
BBVA,4.893,-2.26,-0.11,-2.53,4.943,4.863,8716925,32626,2022-04-25 13:15
CAIXABANK,3.049,-1.33,-0.04,32.47,3.063,3.010,3614663,24577,2022-04-25 13:15
CELLNEX TELECOM,45.350,0.47,0.21,-11.39,45.480,44.340,217713,30808,2022-04-25 13:15
CIE AUTOMOTIVE,20.220,-1.08,-0.22,-25.11,20.320,20.000,69516,2478,2022-04-25 13:04
COLONIAL,8.105,-0.31,-0.03,-1.76,8.150,8.015,191404,4374,2022-04-25 13:06
ENAGAS,20.480,0.00,0.00,0.39,20.520,20.300,164184,5366,2022-04-25 13:15
ENDESA,19.965,0.53,0.10,-1.16,20.250,19.505,296028,21138,2022-04-25 13:16
FERROVIAL,23.870,-2.45,-0.60,-13.39,24.490,23.860,281478,17511,2022-04-25 13:15
FLUIDRA,25.000,-3.99,-1.04,-28.98,25.920,24.960,147198,4891,2022-04-25 13:14
GRIFOLS,16.370,0.86,0.14,-2.99,16.425,15.990,412128,6976,2022-04-25 13:15
IAG,1.791,0.59,0.01,5.13,1.800,1.730,8699315,8906,2022-04-25 13:16
IBERDROLA,10.595,1.53,0.16,3.49,10.650,10.340,4006456,68206,2022-04-25 13:15
INDITEX,20.100,-1.08,-0.22,-29.55,20.380,19.895,1769433,62645,2022-04-25 13:15
INDRA,9.195,-0.59,-0.06,-3.41,9.450,9.100,290970,1624,2022-04-25 13:16
MAPFRE,1.878,-1.16,-0.02,4.02,1.890,1.873,1547130,5783,2022-04-25 13:15
MELIÁ HOTELS,7.175,2.57,0.18,19.54,7.190,6.850,325353,1581,2022-04-25 13:16
MERLIN PROP,10.820,0.00,0.00,13.06,10.860,10.680,426674,5083,2022-04-25 13:03
NATURGY,28.890,0.56,0.16,3.02,28.950,28.170,54336,28012,2022-04-25 13:15
PHARMA MAR,76.160,-0.18,-0.14,33.57,76.320,71.020,31415,1398,2022-04-25 13:13
RED ELÉCTRICA,18.665,0.59,0.11,-0.47,18.785,18.415,245263,10099,2022-04-25 13:15
REPSOL,12.855,-2.58,-0.34,26.59,13.090,12.725,2834794,20155,2022-04-25 13:15
ROVI,61.850,-1.04,-0.65,-16.19,62.100,61.000,49196,3468,2022-04-25 12:59
SANTANDER,3.118,-1.50,-0.05,6.05,3.149,3.092,17693796,54077,2022-04-25 13:16
SIEMENS GAMESA,15.355,1.29,0.19,-27.12,15.640,14.800,699927,10459,2022-04-25 13:16
SOLARIA,21.030,-0.76,-0.16,22.84,21.660,20.710,208808,2628,2022-04-25 13:15
TELEFÓNICA,4.843,-0.04,-0.00,25.73,4.845,4.767,3433508,27988,2022-04-25 13:15
ACCIONA,190.900,1.11,2.10,13.56,193.400,186.900,49261,10472,2022-04-25 14:11
ACERINOX,9.618,-3.08,-0.31,-15.52,9.870,9.500,2109153,2602,2022-04-25 14:16
ACS,24.380,-0.73,-0.18,5.49,24.570,24.080,308157,7184,2022-04-25 14:15
AENA,147.950,-0.60,-0.90,6.59,149.200,145.150,30775,22192,2022-04-25 14:15
ALMIRALL,12.020,0.50,0.06,6.37,12.100,11.830,139772,2161,2022-04-25 14:05
AMADEUS IT GROUP,60.000,1.49,0.88,0.60,60.160,57.440,171781,27030,2022-04-25 14:16
ARCELORMITTAL,27.670,-6.36,-1.88,-2.48,28.845,27.065,1611774,25949,2022-04-25 14:16
BANCO SABADELL,0.773,-0.92,-0.01,35.83,0.778,0.763,10457592,4352,2022-04-25 14:15
BANKINTER,5.612,0.75,0.04,25.88,5.618,5.424,1026922,5044,2022-04-25 14:16
BBVA,4.917,-1.78,-0.09,-2.05,4.943,4.863,9705471,32786,2022-04-25 14:16
CAIXABANK,3.054,-1.17,-0.04,32.68,3.063,3.010,4023049,24617,2022-04-25 14:15
CELLNEX TELECOM,45.300,0.35,0.16,-11.49,45.480,44.340,243904,30774,2022-04-25 14:15
CIE AUTOMOTIVE,20.300,-0.68,-0.14,-24.81,20.320,20.000,79973,2488,2022-04-25 14:08
COLONIAL,8.125,-0.06,-0.01,-1.52,8.150,8.015,213678,4384,2022-04-25 14:12
ENAGAS,20.450,-0.15,-0.03,0.25,20.520,20.300,189726,5358,2022-04-25 14:15
ENDESA,19.985,0.63,0.12,-1.06,20.250,19.505,341523,21159,2022-04-25 14:14
FERROVIAL,23.880,-2.41,-0.59,-13.35,24.490,23.850,312709,17518,2022-04-25 14:12
FLUIDRA,25.080,-3.69,-0.96,-28.75,25.920,24.960,172839,4906,2022-04-25 14:14
GRIFOLS,16.525,1.82,0.30,-2.07,16.525,15.990,457611,7042,2022-04-25 14:15
IAG,1.788,0.36,0.01,4.90,1.806,1.730,10153567,8887,2022-04-25 14:14
IBERDROLA,10.605,1.63,0.17,3.59,10.650,10.340,4416341,68270,2022-04-25 14:16
INDITEX,20.080,-1.18,-0.24,-29.62,20.380,19.895,2065999,62582,2022-04-25 14:16
INDRA,9.220,-0.32,-0.03,-3.15,9.450,9.100,350537,1629,2022-04-25 14:07
MAPFRE,1.886,-0.74,-0.01,4.46,1.890,1.873,1709587,5808,2022-04-25 14:12
MELIÁ HOTELS,7.220,3.22,0.22,20.29,7.240,6.850,405253,1591,2022-04-25 14:10
MERLIN PROP,10.810,-0.09,-0.01,12.96,10.860,10.680,479151,5078,2022-04-25 14:16
NATURGY,28.900,0.59,0.17,3.06,28.960,28.170,65692,28022,2022-04-25 14:05
PHARMA MAR,76.180,-0.16,-0.12,33.60,76.500,71.020,33054,1398,2022-04-25 14:06
RED ELÉCTRICA,18.690,0.73,0.14,-0.34,18.785,18.415,263588,10113,2022-04-25 14:12
REPSOL,12.920,-2.08,-0.27,27.23,13.090,12.725,2999291,20257,2022-04-25 14:16
ROVI,61.850,-1.04,-0.65,-16.19,62.100,61.000,55178,3468,2022-04-25 14:11
SANTANDER,3.132,-1.07,-0.03,6.51,3.149,3.092,18928758,54311,2022-04-25 14:15
SIEMENS GAMESA,15.410,1.65,0.25,-26.86,15.640,14.800,803053,10496,2022-04-25 14:15
SOLARIA,20.940,-1.18,-0.25,22.31,21.660,20.710,223691,2616,2022-04-25 14:10
TELEFÓNICA,4.846,0.02,0.00,25.80,4.846,4.767,3912075,28005,2022-04-25 14:16
ACCIONA,190.800,1.06,2.00,13.50,193.400,186.900,54096,10467,2022-04-25 15:13
ACERINOX,9.600,-3.26,-0.32,-15.68,9.870,9.500,2231294,2597,2022-04-25 15:15
ACS,24.490,-0.29,-0.07,5.97,24.570,24.080,339999,7216,2022-04-25 15:15
AENA,147.900,-0.64,-0.95,6.56,149.200,145.150,35308,22185,2022-04-25 15:14
ALMIRALL,12.050,0.75,0.09,6.64,12.100,11.830,159809,2166,2022-04-25 15:15
AMADEUS IT GROUP,59.780,1.12,0.66,0.23,60.260,57.440,191210,26931,2022-04-25 15:16
ARCELORMITTAL,27.655,-6.41,-1.89,-2.54,28.845,27.065,1690876,25935,2022-04-25 15:16
BANCO SABADELL,0.778,-0.33,-0.00,36.64,0.779,0.763,11220050,4378,2022-04-25 15:15
BANKINTER,5.650,1.44,0.08,26.73,5.652,5.424,1300958,5079,2022-04-25 15:15
BBVA,4.926,-1.60,-0.08,-1.87,4.943,4.863,11191301,32846,2022-04-25 15:16
CAIXABANK,3.070,-0.65,-0.02,33.38,3.070,3.010,4509914,24746,2022-04-25 15:14
CELLNEX TELECOM,45.450,0.69,0.31,-11.20,45.500,44.340,277852,30875,2022-04-25 15:15
CIE AUTOMOTIVE,20.300,-0.68,-0.14,-24.81,20.340,20.000,82740,2488,2022-04-25 15:08
COLONIAL,8.170,0.49,0.04,-0.97,8.170,8.015,232369,4409,2022-04-25 15:15
ENAGAS,20.570,0.44,0.09,0.83,20.600,20.300,220675,5389,2022-04-25 15:15
ENDESA,20.060,1.01,0.20,-0.69,20.250,19.505,368931,21239,2022-04-25 15:15
FERROVIAL,24.020,-1.84,-0.45,-12.84,24.490,23.850,341905,17621,2022-04-25 15:14
FLUIDRA,25.160,-3.38,-0.88,-28.52,25.920,24.960,182647,4922,2022-04-25 15:11
GRIFOLS,16.500,1.66,0.27,-2.22,16.590,15.990,554999,7031,2022-04-25 15:11
IAG,1.786,0.28,0.00,4.81,1.806,1.730,10693370,8879,2022-04-25 15:14
IBERDROLA,10.575,1.34,0.14,3.30,10.650,10.340,4970773,68077,2022-04-25 15:15
INDITEX,20.170,-0.74,-0.15,-29.30,20.380,19.895,2261540,62863,2022-04-25 15:15
INDRA,9.240,-0.11,-0.01,-2.94,9.450,9.100,373428,1632,2022-04-25 15:10
MAPFRE,1.888,-0.63,-0.01,4.57,1.893,1.873,1819767,5814,2022-04-25 15:15
MELIÁ HOTELS,7.275,4.00,0.28,21.21,7.280,6.850,512142,1603,2022-04-25 15:15
MERLIN PROP,10.860,0.37,0.04,13.48,10.860,10.680,546895,5102,2022-04-25 15:15
NATURGY,28.970,0.84,0.24,3.31,28.990,28.170,68360,28090,2022-04-25 15:16
PHARMA MAR,76.540,0.31,0.24,34.23,76.780,71.020,36905,1405,2022-04-25 15:12
RED ELÉCTRICA,18.710,0.84,0.15,-0.23,18.785,18.415,282241,10124,2022-04-25 15:13
REPSOL,12.895,-2.27,-0.30,26.98,13.090,12.725,3287580,20218,2022-04-25 15:15
ROVI,61.750,-1.20,-0.75,-16.33,62.100,61.000,60937,3462,2022-04-25 15:15
SANTANDER,3.145,-0.68,-0.02,6.94,3.149,3.092,20116182,54528,2022-04-25 15:16
SIEMENS GAMESA,15.325,1.09,0.16,-27.27,15.640,14.800,870958,10439,2022-04-25 15:15
SOLARIA,20.730,-2.17,-0.46,21.09,21.660,20.710,239036,2590,2022-04-25 15:15
TELEFÓNICA,4.861,0.33,0.02,26.19,4.866,4.767,4167589,28092,2022-04-25 15:15
ACCIONA,190.600,0.95,1.80,13.38,193.400,186.900,63675,10456,2022-04-25 16:14
ACERINOX,9.556,-3.71,-0.37,-16.06,9.870,9.500,2472014,2585,2022-04-25 16:13
ACS,24.330,-0.94,-0.23,5.28,24.570,24.080,376817,7169,2022-04-25 16:13
AENA,147.150,-1.14,-1.70,6.02,149.200,145.150,40824,22072,2022-04-25 16:12
ALMIRALL,12.100,1.17,0.14,7.08,12.130,11.830,181203,2175,2022-04-25 16:13
AMADEUS IT GROUP,59.400,0.47,0.28,-0.40,60.260,57.440,225039,26760,2022-04-25 16:14
ARCELORMITTAL,27.225,-7.87,-2.32,-4.05,28.845,27.065,1873799,25532,2022-04-25 16:14
BANCO SABADELL,0.769,-1.51,-0.01,35.02,0.779,0.763,15684067,4326,2022-04-25 16:14
BANKINTER,5.626,1.01,0.06,26.19,5.660,5.424,1624725,5057,2022-04-25 16:14
BBVA,4.860,-2.92,-0.15,-3.19,4.943,4.858,14011237,32406,2022-04-25 16:14
CAIXABANK,3.037,-1.72,-0.05,31.95,3.075,3.010,5162099,24480,2022-04-25 16:14
CELLNEX TELECOM,45.640,1.11,0.50,-10.82,45.710,44.340,341464,31005,2022-04-25 16:14
CIE AUTOMOTIVE,20.280,-0.78,-0.16,-24.89,20.380,20.000,105525,2485,2022-04-25 16:12
COLONIAL,8.120,-0.12,-0.01,-1.58,8.185,8.015,290062,4382,2022-04-25 16:14
ENAGAS,20.570,0.44,0.09,0.83,20.630,20.300,323302,5389,2022-04-25 16:14
ENDESA,20.050,0.96,0.19,-0.74,20.250,19.505,439262,21228,2022-04-25 16:14
FERROVIAL,24.280,-0.78,-0.19,-11.90,24.490,23.850,413950,17812,2022-04-25 16:14
FLUIDRA,25.140,-3.46,-0.90,-28.58,25.920,24.960,212623,4918,2022-04-25 16:13
GRIFOLS,16.765,3.30,0.53,-0.65,16.770,15.990,780575,7144,2022-04-25 16:14
IAG,1.760,-1.18,-0.02,3.29,1.806,1.730,11889501,8750,2022-04-25 16:14
IBERDROLA,10.605,1.63,0.17,3.59,10.655,10.340,5968881,68270,2022-04-25 16:14
INDITEX,20.210,-0.54,-0.11,-29.16,20.380,19.895,2547383,62988,2022-04-25 16:14
INDRA,9.240,-0.11,-0.01,-2.94,9.450,9.100,421907,1632,2022-04-25 16:12
MAPFRE,1.879,-1.11,-0.02,4.07,1.893,1.873,1982956,5786,2022-04-25 16:14
MELIÁ HOTELS,7.220,3.22,0.22,20.29,7.315,6.850,673370,1591,2022-04-25 16:14
MERLIN PROP,10.840,0.18,0.02,13.27,10.880,10.680,742655,5092,2022-04-25 16:13
NATURGY,29.080,1.22,0.35,3.70,29.250,28.170,86809,28196,2022-04-25 16:13
PHARMA MAR,76.860,0.73,0.56,34.79,77.400,71.020,46110,1411,2022-04-25 16:12
RED ELÉCTRICA,18.750,1.05,0.19,-0.02,18.785,18.415,334172,10145,2022-04-25 16:14
REPSOL,12.735,-3.49,-0.46,25.41,13.090,12.725,4028598,19967,2022-04-25 16:13
ROVI,61.850,-1.04,-0.65,-16.19,62.150,61.000,72132,3468,2022-04-25 16:14
SANTANDER,3.090,-2.40,-0.08,5.08,3.152,3.090,30282444,53583,2022-04-25 16:14
SIEMENS GAMESA,15.370,1.39,0.21,-27.05,15.640,14.800,1045799,10469,2022-04-25 16:13
SOLARIA,20.880,-1.46,-0.31,21.96,21.660,20.710,253974,2609,2022-04-25 16:13
TELEFÓNICA,4.829,-0.33,-0.02,25.36,4.866,4.767,4838504,27907,2022-04-25 16:14
ACCIONA,191.000,1.17,2.20,13.62,193.400,186.900,71987,10478,2022-04-25 17:16
ACERINOX,9.510,-4.17,-0.41,-16.47,9.870,9.500,2641940,2573,2022-04-25 17:16
ACS,24.450,-0.45,-0.11,5.80,24.570,24.080,432560,7205,2022-04-25 17:16
AENA,147.600,-0.84,-1.25,6.34,149.200,145.150,47485,22140,2022-04-25 17:16
ALMIRALL,12.030,0.59,0.07,6.46,12.130,11.830,206762,2163,2022-04-25 17:15
AMADEUS IT GROUP,59.280,0.27,0.16,-0.60,60.260,57.440,265826,26706,2022-04-25 17:16
ARCELORMITTAL,27.140,-8.16,-2.41,-4.35,28.845,27.045,2106864,25452,2022-04-25 17:16
BANCO SABADELL,0.761,-2.46,-0.02,33.72,0.779,0.761,19274580,4284,2022-04-25 17:16
BANKINTER,5.586,0.29,0.02,25.29,5.660,5.424,1861419,5021,2022-04-25 17:16
BBVA,4.832,-3.47,-0.17,-3.74,4.943,4.830,19732790,32223,2022-04-25 17:16
CAIXABANK,3.024,-2.14,-0.07,31.38,3.075,3.010,6692045,24375,2022-04-25 17:16
CELLNEX TELECOM,45.510,0.82,0.37,-11.08,45.900,44.340,409599,30916,2022-04-25 17:16
CIE AUTOMOTIVE,20.260,-0.88,-0.18,-24.96,20.380,20.000,127552,2483,2022-04-25 17:12
COLONIAL,8.095,-0.43,-0.03,-1.88,8.185,8.015,376760,4368,2022-04-25 17:14
ENAGAS,20.550,0.34,0.07,0.74,20.630,20.300,401043,5384,2022-04-25 17:16
ENDESA,20.100,1.21,0.24,-0.50,20.250,19.505,477212,21281,2022-04-25 17:16
FERROVIAL,24.420,-0.20,-0.05,-11.39,24.550,23.850,531712,17915,2022-04-25 17:16
FLUIDRA,25.300,-2.84,-0.74,-28.12,25.920,24.960,242523,4949,2022-04-25 17:14
GRIFOLS,16.900,4.13,0.67,0.15,16.965,15.990,1025191,7202,2022-04-25 17:16
IAG,1.757,-1.38,-0.02,3.08,1.806,1.730,13253861,8732,2022-04-25 17:16
IBERDROLA,10.635,1.92,0.20,3.88,10.655,10.340,7193446,68463,2022-04-25 17:16
INDITEX,20.190,-0.64,-0.13,-29.23,20.380,19.895,2964993,62925,2022-04-25 17:16
INDRA,9.230,-0.22,-0.02,-3.05,9.450,9.100,462798,1631,2022-04-25 17:16
MAPFRE,1.877,-1.21,-0.02,3.96,1.893,1.873,2156137,5780,2022-04-25 17:16
MELIÁ HOTELS,7.200,2.93,0.20,19.96,7.315,6.850,761106,1587,2022-04-25 17:16
MERLIN PROP,10.820,0.00,0.00,13.06,10.900,10.680,1053320,5083,2022-04-25 17:14
NATURGY,29.140,1.43,0.41,3.91,29.250,28.170,108730,28255,2022-04-25 17:16
PHARMA MAR,77.180,1.15,0.88,35.36,77.400,71.020,53056,1417,2022-04-25 17:16
RED ELÉCTRICA,18.770,1.16,0.22,0.09,18.790,18.415,396677,10156,2022-04-25 17:16
REPSOL,12.685,-3.87,-0.51,24.91,13.090,12.640,5058036,19889,2022-04-25 17:16
ROVI,61.900,-0.96,-0.60,-16.12,62.150,61.000,89713,3471,2022-04-25 17:13
SANTANDER,3.072,-2.98,-0.09,4.46,3.152,3.071,37586992,53262,2022-04-25 17:16
SIEMENS GAMESA,15.400,1.58,0.24,-26.91,15.640,14.800,1181658,10490,2022-04-25 17:15
SOLARIA,20.950,-1.13,-0.24,22.37,21.660,20.710,300716,2618,2022-04-25 17:16
TELEFÓNICA,4.813,-0.66,-0.03,24.95,4.866,4.767,5607176,27815,2022-04-25 17:16
ACCIONA,190.700,1.01,1.90,13.44,193.400,186.900,96746,10461,2022-04-25 18:00
ACERINOX,9.478,-4.49,-0.45,-16.75,9.870,9.478,3013178,2564,2022-04-25 18:00
ACS,24.360,-0.81,-0.20,5.41,24.570,24.080,622804,7178,2022-04-25 18:00
AENA,147.100,-1.18,-1.75,5.98,149.200,145.150,107526,22065,2022-04-25 18:00
ALMIRALL,12.080,1.00,0.12,6.90,12.130,11.830,267166,2172,2022-04-25 18:00
AMADEUS IT GROUP,59.660,0.91,0.54,0.03,60.260,57.440,687828,26877,2022-04-25 18:00
ARCELORMITTAL,27.000,-8.63,-2.55,-4.85,28.845,27.000,2224583,25321,2022-04-25 18:00
BANCO SABADELL,0.759,-2.74,-0.02,33.33,0.779,0.759,24477284,4272,2022-04-25 18:00
BANKINTER,5.604,0.61,0.03,25.70,5.660,5.424,2770372,5037,2022-04-25 18:00
BBVA,4.811,-3.91,-0.20,-4.17,4.943,4.811,26407056,32076,2022-04-25 18:00
CAIXABANK,3.023,-2.17,-0.07,31.34,3.075,3.010,9711618,24367,2022-04-25 18:00
CELLNEX TELECOM,45.480,0.75,0.34,-11.14,45.900,44.340,750377,30896,2022-04-25 18:00
CIE AUTOMOTIVE,20.300,-0.68,-0.14,-24.81,20.380,20.000,160591,2488,2022-04-25 18:00
COLONIAL,8.110,-0.25,-0.02,-1.70,8.185,8.015,611266,4376,2022-04-25 18:00
ENAGAS,20.520,0.20,0.04,0.59,20.630,20.300,857127,5376,2022-04-25 18:00
ENDESA,20.020,0.81,0.16,-0.89,20.250,19.505,874098,21196,2022-04-25 18:00
FERROVIAL,24.310,-0.65,-0.16,-11.79,24.550,23.850,822084,17834,2022-04-25 18:00
FLUIDRA,25.200,-3.23,-0.84,-28.41,25.920,24.960,338024,4930,2022-04-25 18:00
GRIFOLS,17.000,4.74,0.77,0.74,17.000,15.990,1528789,7244,2022-04-25 18:00
IAG,1.755,-1.46,-0.03,2.99,1.806,1.730,14678095,8725,2022-04-25 18:00
IBERDROLA,10.585,1.44,0.15,3.40,10.655,10.340,11575689,68142,2022-04-25 18:00
INDITEX,20.250,-0.34,-0.07,-29.02,20.380,19.895,4190699,63112,2022-04-25 18:00
INDRA,9.200,-0.54,-0.05,-3.36,9.450,9.100,541770,1625,2022-04-25 18:00
MAPFRE,1.872,-1.47,-0.03,3.68,1.893,1.872,3116341,5765,2022-04-25 18:00
MELIÁ HOTELS,7.230,3.36,0.24,20.46,7.315,6.850,942292,1593,2022-04-25 18:00
MERLIN PROP,10.820,0.00,0.00,13.06,10.900,10.680,1362231,5083,2022-04-25 18:00
NATURGY,29.040,1.08,0.31,3.55,29.250,28.170,334782,28158,2022-04-25 18:00
PHARMA MAR,77.460,1.52,1.16,35.85,77.460,71.020,61034,1422,2022-04-25 18:00
RED ELÉCTRICA,18.705,0.81,0.15,-0.26,18.790,18.415,940340,10121,2022-04-25 18:00
REPSOL,12.605,-4.47,-0.59,24.13,13.090,12.605,7924346,19763,2022-04-25 18:00
ROVI,61.850,-1.04,-0.65,-16.19,62.150,61.000,100177,3468,2022-04-25 18:00
SANTANDER,3.054,-3.54,-0.11,3.86,3.152,3.054,53606056,52958,2022-04-25 18:00
SIEMENS GAMESA,15.570,2.70,0.41,-26.10,15.640,14.800,1902236,10605,2022-04-25 18:00
SOLARIA,20.990,-0.94,-0.20,22.61,21.660,20.710,404556,2623,2022-04-25 18:00
TELEFÓNICA,4.798,-0.97,-0.05,24.56,4.866,4.767,11823475,27728,2022-04-25 18:00
ACCIONA,190.700,1.01,1.90,13.44,191.000,186.900,14634,10461,2022-04-25 09:20
ACERINOX,9.790,-1.35,-0.13,-14.01,9.870,9.660,309372,2649,2022-04-25 09:22
ACS,24.420,-0.57,-0.14,5.67,24.530,24.160,87242,7196,2022-04-25 09:21
AENA,148.000,-0.57,-0.85,6.63,148.000,145.150,9133,22200,2022-04-25 09:22
ALMIRALL,11.960,0.00,0.00,5.84,11.960,11.830,21584,2150,2022-04-25 09:22
AMADEUS IT GROUP,59.040,-0.14,-0.08,-1.01,59.100,57.440,46616,26597,2022-04-25 09:21
ARCELORMITTAL,28.510,-3.52,-1.04,0.48,28.845,28.180,225452,26737,2022-04-25 09:22
BANCO SABADELL,0.772,-1.08,-0.01,35.62,0.775,0.763,2669487,4345,2022-04-25 09:22
BANKINTER,5.506,-1.15,-0.06,23.50,5.518,5.424,268840,4949,2022-04-25 09:21
BBVA,4.922,-1.68,-0.08,-1.95,4.943,4.886,1524202,32819,2022-04-25 09:22
CAIXABANK,3.045,-1.46,-0.04,32.29,3.059,3.010,974710,24545,2022-04-25 09:21
CELLNEX TELECOM,45.000,-0.31,-0.14,-12.08,45.070,44.340,56474,30570,2022-04-25 09:21
CIE AUTOMOTIVE,20.300,-0.68,-0.14,-24.81,20.320,20.000,10790,2488,2022-04-25 09:17
COLONIAL,8.090,-0.49,-0.04,-1.94,8.090,8.015,42859,4365,2022-04-25 09:21
ENAGAS,20.390,-0.44,-0.09,-0.05,20.430,20.300,46080,5342,2022-04-25 09:22
ENDESA,19.935,0.38,0.07,-1.31,19.975,19.505,69965,21106,2022-04-25 09:21
FERROVIAL,24.290,-0.74,-0.18,-11.87,24.350,24.020,75266,17819,2022-04-25 09:22
FLUIDRA,25.820,-0.84,-0.22,-26.65,25.820,25.040,40299,5051,2022-04-25 09:21
GRIFOLS,16.305,0.46,0.08,-3.38,16.320,15.990,132603,6948,2022-04-25 09:22
IAG,1.787,0.34,0.01,4.87,1.787,1.730,3086737,8884,2022-04-25 09:21
IBERDROLA,10.530,0.91,0.09,2.86,10.555,10.340,841235,67788,2022-04-25 09:21
INDITEX,20.250,-0.34,-0.07,-29.02,20.270,20.090,344811,63112,2022-04-25 09:22
INDRA,9.375,1.35,0.12,-1.52,9.405,9.100,81776,1656,2022-04-25 09:21
MAPFRE,1.882,-0.95,-0.02,4.24,1.890,1.875,532372,5796,2022-04-25 09:21
MELIÁ HOTELS,7.000,0.07,0.01,16.63,7.000,6.850,67049,1543,2022-04-25 09:22
MERLIN PROP,10.730,-0.83,-0.09,12.12,10.860,10.680,65637,5041,2022-04-25 09:21
NATURGY,28.620,-0.38,-0.11,2.06,28.670,28.170,23285,27750,2022-04-25 09:20
PHARMA MAR,75.140,-1.52,-1.16,31.78,75.500,71.020,16605,1379,2022-04-25 09:19
RED ELÉCTRICA,18.540,-0.08,-0.01,-1.14,18.620,18.415,111178,10032,2022-04-25 09:21
REPSOL,12.990,-1.55,-0.20,27.92,13.090,12.810,735594,20367,2022-04-25 09:21
ROVI,61.650,-1.36,-0.85,-16.46,62.050,61.000,5903,3457,2022-04-25 09:13
SANTANDER,3.135,-0.96,-0.03,6.63,3.140,3.107,3603261,54372,2022-04-25 09:22
SIEMENS GAMESA,15.490,2.18,0.33,-26.48,15.500,14.800,173548,10551,2022-04-25 09:21
SOLARIA,21.470,1.32,0.28,25.41,21.490,20.860,50818,2683,2022-04-25 09:21
TELEFÓNICA,4.805,-0.83,-0.04,24.74,4.809,4.767,1001151,27768,2022-04-25 09:22
