ACCIONA,190.700,1.01,1.90,13.44,193.400,186.900,96746,10461,2022-04-25 18:00
ACERINOX,9.478,-4.49,-0.45,-16.75,9.870,9.478,3013178,2564,2022-04-25 18:00
ACS,24.360,-0.81,-0.20,5.41,24.570,24.080,622804,7178,2022-04-25 18:00
AENA,147.100,-1.18,-1.75,5.98,149.200,145.150,107526,22065,2022-04-25 18:00
ALMIRALL,12.080,1.00,0.12,6.90,12.130,11.830,267166,2172,2022-04-25 18:00
AMADEUS IT GROUP,59.660,0.91,0.54,0.03,60.260,57.440,687828,26877,2022-04-25 18:00
ARCELORMITTAL,27.000,-8.63,-2.55,-4.85,28.845,27.000,2224583,25321,2022-04-25 18:00
BANCO SABADELL,0.759,-2.74,-0.02,33.33,0.779,0.759,24477284,4272,2022-04-25 18:00
BANKINTER,5.604,0.61,0.03,25.70,5.660,5.424,2770372,5037,2022-04-25 18:00
BBVA,4.811,-3.91,-0.20,-4.17,4.943,4.811,26407056,32076,2022-04-25 18:00
CAIXABANK,3.023,-2.17,-0.07,31.34,3.075,3.010,9711618,24367,2022-04-25 18:00
CELLNEX TELECOM,45.480,0.75,0.34,-11.14,45.900,44.340,750377,30896,2022-04-25 18:00
CIE AUTOMOTIVE,20.300,-0.68,-0.14,-24.81,20.380,20.000,160591,2488,2022-04-25 18:00
COLONIAL,8.110,-0.25,-0.02,-1.70,8.185,8.015,611266,4376,2022-04-25 18:00
ENAGAS,20.520,0.20,0.04,0.59,20.630,20.300,857127,5376,2022-04-25 18:00
ENDESA,20.020,0.81,0.16,-0.89,20.250,19.505,874098,21196,2022-04-25 18:00
FERROVIAL,24.310,-0.65,-0.16,-11.79,24.550,23.850,822084,17834,2022-04-25 18:00
FLUIDRA,25.200,-3.23,-0.84,-28.41,25.920,24.960,338024,4930,2022-04-25 18:00
GRIFOLS,17.000,4.74,0.77,0.74,17.000,15.990,1528789,7244,2022-04-25 18:00
IAG,1.755,-1.46,-0.03,2.99,1.806,1.730,14678095,8725,2022-04-25 18:00
IBERDROLA,10.585,1.44,0.15,3.40,10.655,10.340,11575689,68142,2022-04-25 18:00
INDITEX,20.250,-0.34,-0.07,-29.02,20.380,19.895,4190699,63112,2022-04-25 18:00
INDRA,9.200,-0.54,-0.05,-3.36,9.450,9.100,541770,1625,2022-04-25 18:00
MAPFRE,1.872,-1.47,-0.03,3.68,1.893,1.872,3116341,5765,2022-04-25 18:00
MELIÁ HOTELS,7.230,3.36,0.24,20.46,7.315,6.850,942292,1593,2022-04-25 18:00
MERLIN PROP,10.820,0.00,0.00,13.06,10.900,10.680,1362231,5083,2022-04-25 18:00
NATURGY,29.040,1.08,0.31,3.55,29.250,28.170,334782,28158,2022-04-25 18:00
PHARMA MAR,77.460,1.52,1.16,35.85,77.460,71.020,61034,1422,2022-04-25 18:00
RED ELÉCTRICA,18.705,0.81,0.15,-0.26,18.790,18.415,940340,10121,2022-04-25 18:00
REPSOL,12.605,-4.47,-0.59,24.13,13.090,12.605,7924346,19763,2022-04-25 18:00
ROVI,61.850,-1.04,-0.65,-16.19,62.150,61.000,100177,3468,2022-04-25 18:00
SANTANDER,3.054,-3.54,-0.11,3.86,3.152,3.054,53606056,52958,2022-04-25 18:00
SIEMENS GAMESA,15.570,2.70,0.41,-26.10,15.640,14.800,1902236,10605,2022-04-25 18:00
SOLARIA,20.990,-0.94,-0.20,22.61,21.660,20.710,404556,2623,2022-04-25 18:00
TELEFÓNICA,4.798,-0.97,-0.05,24.56,4.866,4.767,11823475,27728,2022-04-25 18:00
