ACCIONA,190.700,1.01,1.90,13.44,191.000,186.900,14634,10461,2022-04-25 09:20
ACERINOX,9.790,-1.35,-0.13,-14.01,9.870,9.660,309372,2649,2022-04-25 09:22
ACS,24.420,-0.57,-0.14,5.67,24.530,24.160,87242,7196,2022-04-25 09:21
AENA,148.000,-0.57,-0.85,6.63,148.000,145.150,9133,22200,2022-04-25 09:22
ALMIRALL,11.960,0.00,0.00,5.84,11.960,11.830,21584,2150,2022-04-25 09:22
AMADEUS IT GROUP,59.040,-0.14,-0.08,-1.01,59.100,57.440,46616,26597,2022-04-25 09:21
ARCELORMITTAL,28.510,-3.52,-1.04,0.48,28.845,28.180,225452,26737,2022-04-25 09:22
BANCO SABADELL,0.772,-1.08,-0.01,35.62,0.775,0.763,2669487,4345,2022-04-25 09:22
BANKINTER,5.506,-1.15,-0.06,23.50,5.518,5.424,268840,4949,2022-04-25 09:21
BBVA,4.922,-1.68,-0.08,-1.95,4.943,4.886,1524202,32819,2022-04-25 09:22
CAIXABANK,3.045,-1.46,-0.04,32.29,3.059,3.010,974710,24545,2022-04-25 09:21
CELLNEX TELECOM,45.000,-0.31,-0.14,-12.08,45.070,44.340,56474,30570,2022-04-25 09:21
CIE AUTOMOTIVE,20.300,-0.68,-0.14,-24.81,20.320,20.000,10790,2488,2022-04-25 09:17
COLONIAL,8.090,-0.49,-0.04,-1.94,8.090,8.015,42859,4365,2022-04-25 09:21
ENAGAS,20.390,-0.44,-0.09,-0.05,20.430,20.300,46080,5342,2022-04-25 09:22
ENDESA,19.935,0.38,0.07,-1.31,19.975,19.505,69965,21106,2022-04-25 09:21
FERROVIAL,24.290,-0.74,-0.18,-11.87,24.350,24.020,75266,17819,2022-04-25 09:22
FLUIDRA,25.820,-0.84,-0.22,-26.65,25.820,25.040,40299,5051,2022-04-25 09:21
GRIFOLS,16.305,0.46,0.08,-3.38,16.320,15.990,132603,6948,2022-04-25 09:22
IAG,1.787,0.34,0.01,4.87,1.787,1.730,3086737,8884,2022-04-25 09:21
IBERDROLA,10.530,0.91,0.09,2.86,10.555,10.340,841235,67788,2022-04-25 09:21
INDITEX,20.250,-0.34,-0.07,-29.02,20.270,20.090,344811,63112,2022-04-25 09:22
INDRA,9.375,1.35,0.12,-1.52,9.405,9.100,81776,1656,2022-04-25 09:21
MAPFRE,1.882,-0.95,-0.02,4.24,1.890,1.875,532372,5796,2022-04-25 09:21
MELIÁ HOTELS,7.000,0.07,0.01,16.63,7.000,6.850,67049,1543,2022-04-25 09:22
MERLIN PROP,10.730,-0.83,-0.09,12.12,10.860,10.680,65637,5041,2022-04-25 09:21
NATURGY,28.620,-0.38,-0.11,2.06,28.670,28.170,23285,27750,2022-04-25 09:20
PHARMA MAR,75.140,-1.52,-1.16,31.78,75.500,71.020,16605,1379,2022-04-25 09:19
RED ELÉCTRICA,18.540,-0.08,-0.01,-1.14,18.620,18.415,111178,10032,2022-04-25 09:21
REPSOL,12.990,-1.55,-0.20,27.92,13.090,12.810,735594,20367,2022-04-25 09:21
ROVI,61.650,-1.36,-0.85,-16.46,62.050,61.000,5903,3457,2022-04-25 09:13
SANTANDER,3.135,-0.96,-0.03,6.63,3.140,3.107,3603261,54372,2022-04-25 09:22
SIEMENS GAMESA,15.490,2.18,0.33,-26.48,15.500,14.800,173548,10551,2022-04-25 09:21
SOLARIA,21.470,1.32,0.28,25.41,21.490,20.860,50818,2683,2022-04-25 09:21
TELEFÓNICA,4.805,-0.83,-0.04,24.74,4.809,4.767,1001151,27768,2022-04-25 09:22
