ACCIONA,189.300,0.26,0.50,12.61,193.400,186.900,33670,10384,2022-04-25 11:13
ACERINOX,9.534,-3.93,-0.39,-16.26,9.870,9.520,1476291,2579,2022-04-25 11:12
ACS,24.170,-1.59,-0.39,4.58,24.570,24.080,219981,7122,2022-04-25 11:14
AENA,147.550,-0.87,-1.30,6.30,149.200,145.150,18132,22132,2022-04-25 11:12
ALMIRALL,12.000,0.33,0.04,6.19,12.000,11.830,60927,2157,2022-04-25 11:10
AMADEUS IT GROUP,59.020,-0.17,-0.10,-1.04,59.320,57.440,88706,26588,2022-04-25 11:13
ARCELORMITTAL,27.450,-7.11,-2.10,-3.26,28.845,27.405,1048834,25743,2022-04-25 11:14
BANCO SABADELL,0.765,-2.05,-0.02,34.28,0.777,0.763,7990726,4302,2022-04-25 11:13
BANKINTER,5.532,-0.68,-0.04,24.08,5.576,5.424,648830,4973,2022-04-25 11:11
BBVA,4.869,-2.74,-0.14,-3.01,4.943,4.863,5858876,32466,2022-04-25 11:13
CAIXABANK,3.019,-2.30,-0.07,31.16,3.063,3.010,2658388,24335,2022-04-25 11:14
CELLNEX TELECOM,45.390,0.55,0.25,-11.31,45.480,44.340,139963,30835,2022-04-25 11:12
CIE AUTOMOTIVE,20.020,-2.05,-0.42,-25.85,20.320,20.000,58858,2453,2022-04-25 11:13
COLONIAL,8.060,-0.86,-0.07,-2.30,8.150,8.015,136643,4349,2022-04-25 11:12
ENAGAS,20.380,-0.49,-0.10,-0.10,20.520,20.300,125868,5339,2022-04-25 11:12
ENDESA,19.740,-0.60,-0.12,-2.28,20.250,19.505,255262,20900,2022-04-25 11:13
FERROVIAL,23.910,-2.29,-0.56,-13.24,24.490,23.900,189194,17540,2022-04-25 11:14
FLUIDRA,25.160,-3.38,-0.88,-28.52,25.920,25.040,98401,4922,2022-04-25 11:11
GRIFOLS,16.260,0.18,0.03,-3.64,16.425,15.990,319803,6929,2022-04-25 11:12
IAG,1.751,-1.68,-0.03,2.76,1.799,1.730,6136521,8705,2022-04-25 11:13
IBERDROLA,10.445,0.10,0.01,2.03,10.650,10.340,2688949,67240,2022-04-25 11:14
INDITEX,19.990,-1.62,-0.33,-29.93,20.380,19.895,1211241,62302,2022-04-25 11:14
INDRA,9.230,-0.22,-0.02,-3.05,9.450,9.100,238906,1631,2022-04-25 11:13
MAPFRE,1.877,-1.21,-0.02,3.96,1.890,1.873,1220950,5780,2022-04-25 11:13
MELIÁ HOTELS,7.100,1.50,0.11,18.29,7.115,6.850,252413,1565,2022-04-25 11:13
MERLIN PROP,10.740,-0.74,-0.08,12.23,10.860,10.680,375656,5045,2022-04-25 11:13
NATURGY,28.620,-0.38,-0.11,2.06,28.950,28.170,40587,27750,2022-04-25 11:13
PHARMA MAR,75.520,-1.02,-0.78,32.44,76.000,71.020,26687,1386,2022-04-25 11:14
RED ELÉCTRICA,18.540,-0.08,-0.01,-1.14,18.785,18.415,200800,10032,2022-04-25 11:10
REPSOL,12.740,-3.45,-0.45,25.46,13.090,12.725,2331739,19975,2022-04-25 11:14
ROVI,61.800,-1.12,-0.70,-16.26,62.100,61.000,30427,3465,2022-04-25 11:05
SANTANDER,3.095,-2.26,-0.07,5.24,3.149,3.093,14111004,53661,2022-04-25 11:14
SIEMENS GAMESA,15.050,-0.73,-0.11,-28.57,15.640,14.800,535189,10251,2022-04-25 11:13
SOLARIA,20.840,-1.65,-0.35,21.73,21.660,20.710,164530,2604,2022-04-25 11:14
TELEFÓNICA,4.821,-0.50,-0.02,25.16,4.832,4.767,2326453,27861,2022-04-25 11:14
