ACCIONA,190.900,1.11,2.10,13.56,193.400,186.900,49261,10472,2022-04-25 14:11
ACERINOX,9.618,-3.08,-0.31,-15.52,9.870,9.500,2109153,2602,2022-04-25 14:16
ACS,24.380,-0.73,-0.18,5.49,24.570,24.080,308157,7184,2022-04-25 14:15
AENA,147.950,-0.60,-0.90,6.59,149.200,145.150,30775,22192,2022-04-25 14:15
ALMIRALL,12.020,0.50,0.06,6.37,12.100,11.830,139772,2161,2022-04-25 14:05
AMADEUS IT GROUP,60.000,1.49,0.88,0.60,60.160,57.440,171781,27030,2022-04-25 14:16
ARCELORMITTAL,27.670,-6.36,-1.88,-2.48,28.845,27.065,1611774,25949,2022-04-25 14:16
BANCO SABADELL,0.773,-0.92,-0.01,35.83,0.778,0.763,10457592,4352,2022-04-25 14:15
BANKINTER,5.612,0.75,0.04,25.88,5.618,5.424,1026922,5044,2022-04-25 14:16
BBVA,4.917,-1.78,-0.09,-2.05,4.943,4.863,9705471,32786,2022-04-25 14:16
CAIXABANK,3.054,-1.17,-0.04,32.68,3.063,3.010,4023049,24617,2022-04-25 14:15
CELLNEX TELECOM,45.300,0.35,0.16,-11.49,45.480,44.340,243904,30774,2022-04-25 14:15
CIE AUTOMOTIVE,20.300,-0.68,-0.14,-24.81,20.320,20.000,79973,2488,2022-04-25 14:08
COLONIAL,8.125,-0.06,-0.01,-1.52,8.150,8.015,213678,4384,2022-04-25 14:12
ENAGAS,20.450,-0.15,-0.03,0.25,20.520,20.300,189726,5358,2022-04-25 14:15
ENDESA,19.985,0.63,0.12,-1.06,20.250,19.505,341523,21159,2022-04-25 14:14
FERROVIAL,23.880,-2.41,-0.59,-13.35,24.490,23.850,312709,17518,2022-04-25 14:12
FLUIDRA,25.080,-3.69,-0.96,-28.75,25.920,24.960,172839,4906,2022-04-25 14:14
GRIFOLS,16.525,1.82,0.30,-2.07,16.525,15.990,457611,7042,2022-04-25 14:15
IAG,1.788,0.36,0.01,4.90,1.806,1.730,10153567,8887,2022-04-25 14:14
IBERDROLA,10.605,1.63,0.17,3.59,10.650,10.340,4416341,68270,2022-04-25 14:16
INDITEX,20.080,-1.18,-0.24,-29.62,20.380,19.895,2065999,62582,2022-04-25 14:16
INDRA,9.220,-0.32,-0.03,-3.15,9.450,9.100,350537,1629,2022-04-25 14:07
MAPFRE,1.886,-0.74,-0.01,4.46,1.890,1.873,1709587,5808,2022-04-25 14:12
MELIÁ HOTELS,7.220,3.22,0.22,20.29,7.240,6.850,405253,1591,2022-04-25 14:10
MERLIN PROP,10.810,-0.09,-0.01,12.96,10.860,10.680,479151,5078,2022-04-25 14:16
NATURGY,28.900,0.59,0.17,3.06,28.960,28.170,65692,28022,2022-04-25 14:05
PHARMA MAR,76.180,-0.16,-0.12,33.60,76.500,71.020,33054,1398,2022-04-25 14:06
RED ELÉCTRICA,18.690,0.73,0.14,-0.34,18.785,18.415,263588,10113,2022-04-25 14:12
REPSOL,12.920,-2.08,-0.27,27.23,13.090,12.725,2999291,20257,2022-04-25 14:16
ROVI,61.850,-1.04,-0.65,-16.19,62.100,61.000,55178,3468,2022-04-25 14:11
SANTANDER,3.132,-1.07,-0.03,6.51,3.149,3.092,18928758,54311,2022-04-25 14:15
SIEMENS GAMESA,15.410,1.65,0.25,-26.86,15.640,14.800,803053,10496,2022-04-25 14:15
SOLARIA,20.940,-1.18,-0.25,22.31,21.660,20.710,223691,2616,2022-04-25 14:10
TELEFÓNICA,4.846,0.02,0.00,25.80,4.846,4.767,3912075,28005,2022-04-25 14:16
