ACCIONA,190.800,1.06,2.00,13.50,193.400,186.900,54096,10467,2022-04-25 15:13
ACERINOX,9.600,-3.26,-0.32,-15.68,9.870,9.500,2231294,2597,2022-04-25 15:15
ACS,24.490,-0.29,-0.07,5.97,24.570,24.080,339999,7216,2022-04-25 15:15
AENA,147.900,-0.64,-0.95,6.56,149.200,145.150,35308,22185,2022-04-25 15:14
ALMIRALL,12.050,0.75,0.09,6.64,12.100,11.830,159809,2166,2022-04-25 15:15
AMADEUS IT GROUP,59.780,1.12,0.66,0.23,60.260,57.440,191210,26931,2022-04-25 15:16
ARCELORMITTAL,27.655,-6.41,-1.89,-2.54,28.845,27.065,1690876,25935,2022-04-25 15:16
BANCO SABADELL,0.778,-0.33,-0.00,36.64,0.779,0.763,11220050,4378,2022-04-25 15:15
BANKINTER,5.650,1.44,0.08,26.73,5.652,5.424,1300958,5079,2022-04-25 15:15
BBVA,4.926,-1.60,-0.08,-1.87,4.943,4.863,11191301,32846,2022-04-25 15:16
CAIXABANK,3.070,-0.65,-0.02,33.38,3.070,3.010,4509914,24746,2022-04-25 15:14
CELLNEX TELECOM,45.450,0.69,0.31,-11.20,45.500,44.340,277852,30875,2022-04-25 15:15
CIE AUTOMOTIVE,20.300,-0.68,-0.14,-24.81,20.340,20.000,82740,2488,2022-04-25 15:08
COLONIAL,8.170,0.49,0.04,-0.97,8.170,8.015,232369,4409,2022-04-25 15:15
ENAGAS,20.570,0.44,0.09,0.83,20.600,20.300,220675,5389,2022-04-25 15:15
ENDESA,20.060,1.01,0.20,-0.69,20.250,19.505,368931,21239,2022-04-25 15:15
FERROVIAL,24.020,-1.84,-0.45,-12.84,24.490,23.850,341905,17621,2022-04-25 15:14
FLUIDRA,25.160,-3.38,-0.88,-28.52,25.920,24.960,182647,4922,2022-04-25 15:11
GRIFOLS,16.500,1.66,0.27,-2.22,16.590,15.990,554999,7031,2022-04-25 15:11
IAG,1.786,0.28,0.00,4.81,1.806,1.730,10693370,8879,2022-04-25 15:14
IBERDROLA,10.575,1.34,0.14,3.30,10.650,10.340,4970773,68077,2022-04-25 15:15
INDITEX,20.170,-0.74,-0.15,-29.30,20.380,19.895,2261540,62863,2022-04-25 15:15
INDRA,9.240,-0.11,-0.01,-2.94,9.450,9.100,373428,1632,2022-04-25 15:10
MAPFRE,1.888,-0.63,-0.01,4.57,1.893,1.873,1819767,5814,2022-04-25 15:15
MELIÁ HOTELS,7.275,4.00,0.28,21.21,7.280,6.850,512142,1603,2022-04-25 15:15
MERLIN PROP,10.860,0.37,0.04,13.48,10.860,10.680,546895,5102,2022-04-25 15:15
NATURGY,28.970,0.84,0.24,3.31,28.990,28.170,68360,28090,2022-04-25 15:16
PHARMA MAR,76.540,0.31,0.24,34.23,76.780,71.020,36905,1405,2022-04-25 15:12
RED ELÉCTRICA,18.710,0.84,0.15,-0.23,18.785,18.415,282241,10124,2022-04-25 15:13
REPSOL,12.895,-2.27,-0.30,26.98,13.090,12.725,3287580,20218,2022-04-25 15:15
ROVI,61.750,-1.20,-0.75,-16.33,62.100,61.000,60937,3462,2022-04-25 15:15
SANTANDER,3.145,-0.68,-0.02,6.94,3.149,3.092,20116182,54528,2022-04-25 15:16
SIEMENS GAMESA,15.325,1.09,0.16,-27.27,15.640,14.800,870958,10439,2022-04-25 15:15
SOLARIA,20.730,-2.17,-0.46,21.09,21.660,20.710,239036,2590,2022-04-25 15:15
TELEFÓNICA,4.861,0.33,0.02,26.19,4.866,4.767,4167589,28092,2022-04-25 15:15
