ACCIONA,190.600,0.95,1.80,13.38,193.400,186.900,63675,10456,2022-04-25 16:14
ACERINOX,9.556,-3.71,-0.37,-16.06,9.870,9.500,2472014,2585,2022-04-25 16:13
ACS,24.330,-0.94,-0.23,5.28,24.570,24.080,376817,7169,2022-04-25 16:13
AENA,147.150,-1.14,-1.70,6.02,149.200,145.150,40824,22072,2022-04-25 16:12
ALMIRALL,12.100,1.17,0.14,7.08,12.130,11.830,181203,2175,2022-04-25 16:13
AMADEUS IT GROUP,59.400,0.47,0.28,-0.40,60.260,57.440,225039,26760,2022-04-25 16:14
ARCELORMITTAL,27.225,-7.87,-2.32,-4.05,28.845,27.065,1873799,25532,2022-04-25 16:14
BANCO SABADELL,0.769,-1.51,-0.01,35.02,0.779,0.763,15684067,4326,2022-04-25 16:14
BANKINTER,5.626,1.01,0.06,26.19,5.660,5.424,1624725,5057,2022-04-25 16:14
BBVA,4.860,-2.92,-0.15,-3.19,4.943,4.858,14011237,32406,2022-04-25 16:14
CAIXABANK,3.037,-1.72,-0.05,31.95,3.075,3.010,5162099,24480,2022-04-25 16:14
CELLNEX TELECOM,45.640,1.11,0.50,-10.82,45.710,44.340,341464,31005,2022-04-25 16:14
CIE AUTOMOTIVE,20.280,-0.78,-0.16,-24.89,20.380,20.000,105525,2485,2022-04-25 16:12
COLONIAL,8.120,-0.12,-0.01,-1.58,8.185,8.015,290062,4382,2022-04-25 16:14
ENAGAS,20.570,0.44,0.09,0.83,20.630,20.300,323302,5389,2022-04-25 16:14
ENDESA,20.050,0.96,0.19,-0.74,20.250,19.505,439262,21228,2022-04-25 16:14
FERROVIAL,24.280,-0.78,-0.19,-11.90,24.490,23.850,413950,17812,2022-04-25 16:14
FLUIDRA,25.140,-3.46,-0.90,-28.58,25.920,24.960,212623,4918,2022-04-25 16:13
GRIFOLS,16.765,3.30,0.53,-0.65,16.770,15.990,780575,7144,2022-04-25 16:14
IAG,1.760,-1.18,-0.02,3.29,1.806,1.730,11889501,8750,2022-04-25 16:14
IBERDROLA,10.605,1.63,0.17,3.59,10.655,10.340,5968881,68270,2022-04-25 16:14
INDITEX,20.210,-0.54,-0.11,-29.16,20.380,19.895,2547383,62988,2022-04-25 16:14
INDRA,9.240,-0.11,-0.01,-2.94,9.450,9.100,421907,1632,2022-04-25 16:12
MAPFRE,1.879,-1.11,-0.02,4.07,1.893,1.873,1982956,5786,2022-04-25 16:14
MELIÁ HOTELS,7.220,3.22,0.22,20.29,7.315,6.850,673370,1591,2022-04-25 16:14
MERLIN PROP,10.840,0.18,0.02,13.27,10.880,10.680,742655,5092,2022-04-25 16:13
NATURGY,29.080,1.22,0.35,3.70,29.250,28.170,86809,28196,2022-04-25 16:13
PHARMA MAR,76.860,0.73,0.56,34.79,77.400,71.020,46110,1411,2022-04-25 16:12
RED ELÉCTRICA,18.750,1.05,0.19,-0.02,18.785,18.415,334172,10145,2022-04-25 16:14
REPSOL,12.735,-3.49,-0.46,25.41,13.090,12.725,4028598,19967,2022-04-25 16:13
ROVI,61.850,-1.04,-0.65,-16.19,62.150,61.000,72132,3468,2022-04-25 16:14
SANTANDER,3.090,-2.40,-0.08,5.08,3.152,3.090,30282444,53583,2022-04-25 16:14
SIEMENS GAMESA,15.370,1.39,0.21,-27.05,15.640,14.800,1045799,10469,2022-04-25 16:13
SOLARIA,20.880,-1.46,-0.31,21.96,21.660,20.710,253974,2609,2022-04-25 16:13
TELEFÓNICA,4.829,-0.33,-0.02,25.36,4.866,4.767,4838504,27907,2022-04-25 16:14
