ACCIONA,190.700,1.01,1.90,13.44,193.400,186.900,39895,10461,2022-04-25 12:13
ACERINOX,9.516,-4.11,-0.41,-16.42,9.870,9.514,1708183,2575,2022-04-25 12:14
ACS,24.230,-1.34,-0.33,4.84,24.570,24.080,259340,7140,2022-04-25 12:13
AENA,148.300,-0.37,-0.55,6.84,149.200,145.150,21763,22245,2022-04-25 12:14
ALMIRALL,12.060,0.84,0.10,6.73,12.080,11.830,77394,2168,2022-04-25 12:12
AMADEUS IT GROUP,59.120,0.00,0.00,-0.87,59.320,57.440,113306,26634,2022-04-25 12:13
ARCELORMITTAL,27.395,-7.29,-2.15,-3.45,28.845,27.250,1276688,25691,2022-04-25 12:14
BANCO SABADELL,0.773,-1.00,-0.01,35.72,0.777,0.763,8794396,4349,2022-04-25 12:14
BANKINTER,5.568,-0.04,-0.00,24.89,5.578,5.424,754189,5005,2022-04-25 12:14
BBVA,4.899,-2.14,-0.11,-2.41,4.943,4.863,7893434,32666,2022-04-25 12:14
CAIXABANK,3.043,-1.52,-0.05,32.21,3.063,3.010,3158383,24529,2022-04-25 12:13
CELLNEX TELECOM,45.280,0.31,0.14,-11.53,45.480,44.340,173859,30760,2022-04-25 12:14
CIE AUTOMOTIVE,20.080,-1.76,-0.36,-25.63,20.320,20.000,64935,2461,2022-04-25 12:14
COLONIAL,8.110,-0.25,-0.02,-1.70,8.150,8.015,169042,4376,2022-04-25 12:13
ENAGAS,20.450,-0.15,-0.03,0.25,20.520,20.300,144786,5358,2022-04-25 12:14
ENDESA,19.875,0.08,0.01,-1.61,20.250,19.505,275563,21043,2022-04-25 12:13
FERROVIAL,23.930,-2.21,-0.54,-13.17,24.490,23.860,255188,17555,2022-04-25 12:14
FLUIDRA,25.000,-3.99,-1.04,-28.98,25.920,24.960,133605,4891,2022-04-25 12:12
GRIFOLS,16.340,0.68,0.11,-3.17,16.425,15.990,372077,6963,2022-04-25 12:13
IAG,1.785,0.20,0.00,4.72,1.799,1.730,6962756,8872,2022-04-25 12:13
IBERDROLA,10.515,0.77,0.08,2.71,10.650,10.340,3442356,67691,2022-04-25 12:12
INDITEX,20.060,-1.28,-0.26,-29.69,20.380,19.895,1547961,62520,2022-04-25 12:13
INDRA,9.265,0.16,0.02,-2.68,9.450,9.100,261827,1637,2022-04-25 12:14
MAPFRE,1.884,-0.84,-0.02,4.35,1.890,1.873,1375790,5802,2022-04-25 12:12
MELIÁ HOTELS,7.145,2.14,0.15,19.04,7.145,6.850,282916,1575,2022-04-25 12:11
MERLIN PROP,10.820,0.00,0.00,13.06,10.860,10.680,411663,5083,2022-04-25 12:10
NATURGY,28.790,0.21,0.06,2.66,28.950,28.170,47251,27915,2022-04-25 12:09
PHARMA MAR,75.760,-0.71,-0.54,32.87,76.000,71.020,28426,1391,2022-04-25 12:14
RED ELÉCTRICA,18.630,0.40,0.07,-0.66,18.785,18.415,224086,10080,2022-04-25 12:13
REPSOL,12.880,-2.39,-0.31,26.83,13.090,12.725,2622050,20194,2022-04-25 12:13
ROVI,61.750,-1.20,-0.75,-16.33,62.100,61.000,44153,3462,2022-04-25 12:08
SANTANDER,3.121,-1.42,-0.04,6.14,3.149,3.092,16658636,54120,2022-04-25 12:14
SIEMENS GAMESA,15.130,-0.20,-0.03,-28.19,15.640,14.800,614480,10306,2022-04-25 12:14
SOLARIA,20.790,-1.89,-0.40,21.44,21.660,20.710,185343,2598,2022-04-25 12:14
TELEFÓNICA,4.838,-0.14,-0.01,25.60,4.841,4.767,2905239,27959,2022-04-25 12:13
