ACCIONA,191.000,1.17,2.20,13.62,193.400,186.900,28424,10478,2022-04-25 10:13
ACERINOX,9.614,-3.12,-0.31,-15.56,9.870,9.566,1061406,2601,2022-04-25 10:13
ACS,24.440,-0.49,-0.12,5.75,24.570,24.160,123843,7202,2022-04-25 10:13
AENA,148.100,-0.50,-0.75,6.70,149.200,145.150,15759,22215,2022-04-25 10:13
ALMIRALL,11.980,0.17,0.02,6.02,11.990,11.830,37098,2154,2022-04-25 10:11
AMADEUS IT GROUP,59.040,-0.14,-0.08,-1.01,59.320,57.440,73882,26597,2022-04-25 10:13
ARCELORMITTAL,27.785,-5.97,-1.76,-2.08,28.845,27.645,748318,26057,2022-04-25 10:13
BANCO SABADELL,0.770,-1.36,-0.01,35.23,0.777,0.763,6236563,4333,2022-04-25 10:13
BANKINTER,5.548,-0.39,-0.02,24.44,5.574,5.424,478962,4987,2022-04-25 10:13
BBVA,4.907,-1.98,-0.10,-2.25,4.943,4.885,3579183,32719,2022-04-25 10:13
CAIXABANK,3.029,-1.97,-0.06,31.60,3.063,3.010,1890696,24416,2022-04-25 10:13
CELLNEX TELECOM,45.050,-0.20,-0.09,-11.98,45.480,44.340,110469,30604,2022-04-25 10:13
CIE AUTOMOTIVE,20.140,-1.47,-0.30,-25.41,20.320,20.000,38210,2468,2022-04-25 10:13
COLONIAL,8.065,-0.80,-0.07,-2.24,8.150,8.015,99142,4352,2022-04-25 10:11
ENAGAS,20.470,-0.05,-0.01,0.34,20.520,20.300,87865,5363,2022-04-25 10:10
ENDESA,19.925,0.33,0.06,-1.36,20.250,19.505,217881,21096,2022-04-25 10:13
FERROVIAL,24.250,-0.90,-0.22,-12.01,24.490,24.020,135278,17790,2022-04-25 10:13
FLUIDRA,25.400,-2.46,-0.64,-27.84,25.920,25.040,81485,4969,2022-04-25 10:13
GRIFOLS,16.370,0.86,0.14,-2.99,16.425,15.990,228097,6976,2022-04-25 10:14
IAG,1.763,-1.01,-0.02,3.46,1.799,1.730,5029927,8765,2022-04-25 10:13
IBERDROLA,10.465,0.29,0.03,2.22,10.650,10.340,1993108,67369,2022-04-25 10:13
INDITEX,20.020,-1.48,-0.30,-29.83,20.380,19.990,762473,62395,2022-04-25 10:13
INDRA,9.415,1.78,0.16,-1.10,9.450,9.100,209008,1663,2022-04-25 10:11
MAPFRE,1.880,-1.05,-0.02,4.13,1.890,1.875,900907,5790,2022-04-25 10:12
MELIÁ HOTELS,7.080,1.22,0.09,17.96,7.115,6.850,195030,1560,2022-04-25 10:13
MERLIN PROP,10.820,0.00,0.00,13.06,10.860,10.680,302019,5083,2022-04-25 10:13
NATURGY,28.600,-0.45,-0.13,1.99,28.950,28.170,31986,27731,2022-04-25 10:14
PHARMA MAR,75.800,-0.66,-0.50,32.94,76.000,71.020,24406,1391,2022-04-25 10:12
RED ELÉCTRICA,18.660,0.57,0.10,-0.50,18.785,18.415,178191,10097,2022-04-25 10:11
REPSOL,12.795,-3.03,-0.40,26.00,13.090,12.785,1579200,20061,2022-04-25 10:13
ROVI,62.000,-0.80,-0.50,-15.99,62.100,61.000,18669,3476,2022-04-25 10:11
SANTANDER,3.111,-1.74,-0.05,5.80,3.149,3.107,8192527,53947,2022-04-25 10:13
SIEMENS GAMESA,15.240,0.53,0.08,-27.67,15.640,14.800,388170,10381,2022-04-25 10:13
SOLARIA,21.080,-0.52,-0.11,23.13,21.660,20.860,110202,2634,2022-04-25 10:13
TELEFÓNICA,4.820,-0.52,-0.02,25.13,4.830,4.767,1786128,27855,2022-04-25 10:14
