ACCIONA,191.000,1.17,2.20,13.62,193.400,186.900,71987,10478,2022-04-25 17:16
ACERINOX,9.510,-4.17,-0.41,-16.47,9.870,9.500,2641940,2573,2022-04-25 17:16
ACS,24.450,-0.45,-0.11,5.80,24.570,24.080,432560,7205,2022-04-25 17:16
AENA,147.600,-0.84,-1.25,6.34,149.200,145.150,47485,22140,2022-04-25 17:16
ALMIRALL,12.030,0.59,0.07,6.46,12.130,11.830,206762,2163,2022-04-25 17:15
AMADEUS IT GROUP,59.280,0.27,0.16,-0.60,60.260,57.440,265826,26706,2022-04-25 17:16
ARCELORMITTAL,27.140,-8.16,-2.41,-4.35,28.845,27.045,2106864,25452,2022-04-25 17:16
BANCO SABADELL,0.761,-2.46,-0.02,33.72,0.779,0.761,19274580,4284,2022-04-25 17:16
BANKINTER,5.586,0.29,0.02,25.29,5.660,5.424,1861419,5021,2022-04-25 17:16
BBVA,4.832,-3.47,-0.17,-3.74,4.943,4.830,19732790,32223,2022-04-25 17:16
CAIXABANK,3.024,-2.14,-0.07,31.38,3.075,3.010,6692045,24375,2022-04-25 17:16
CELLNEX TELECOM,45.510,0.82,0.37,-11.08,45.900,44.340,409599,30916,2022-04-25 17:16
CIE AUTOMOTIVE,20.260,-0.88,-0.18,-24.96,20.380,20.000,127552,2483,2022-04-25 17:12
COLONIAL,8.095,-0.43,-0.03,-1.88,8.185,8.015,376760,4368,2022-04-25 17:14
ENAGAS,20.550,0.34,0.07,0.74,20.630,20.300,401043,5384,2022-04-25 17:16
ENDESA,20.100,1.21,0.24,-0.50,20.250,19.505,477212,21281,2022-04-25 17:16
FERROVIAL,24.420,-0.20,-0.05,-11.39,24.550,23.850,531712,17915,2022-04-25 17:16
FLUIDRA,25.300,-2.84,-0.74,-28.12,25.920,24.960,242523,4949,2022-04-25 17:14
GRIFOLS,16.900,4.13,0.67,0.15,16.965,15.990,1025191,7202,2022-04-25 17:16
IAG,1.757,-1.38,-0.02,3.08,1.806,1.730,13253861,8732,2022-04-25 17:16
IBERDROLA,10.635,1.92,0.20,3.88,10.655,10.340,7193446,68463,2022-04-25 17:16
INDITEX,20.190,-0.64,-0.13,-29.23,20.380,19.895,2964993,62925,2022-04-25 17:16
INDRA,9.230,-0.22,-0.02,-3.05,9.450,9.100,462798,1631,2022-04-25 17:16
MAPFRE,1.877,-1.21,-0.02,3.96,1.893,1.873,2156137,5780,2022-04-25 17:16
MELIÁ HOTELS,7.200,2.93,0.20,19.96,7.315,6.850,761106,1587,2022-04-25 17:16
MERLIN PROP,10.820,0.00,0.00,13.06,10.900,10.680,1053320,5083,2022-04-25 17:14
NATURGY,29.140,1.43,0.41,3.91,29.250,28.170,108730,28255,2022-04-25 17:16
PHARMA MAR,77.180,1.15,0.88,35.36,77.400,71.020,53056,1417,2022-04-25 17:16
RED ELÉCTRICA,18.770,1.16,0.22,0.09,18.790,18.415,396677,10156,2022-04-25 17:16
REPSOL,12.685,-3.87,-0.51,24.91,13.090,12.640,5058036,19889,2022-04-25 17:16
ROVI,61.900,-0.96,-0.60,-16.12,62.150,61.000,89713,3471,2022-04-25 17:13
SANTANDER,3.072,-2.98,-0.09,4.46,3.152,3.071,37586992,53262,2022-04-25 17:16
SIEMENS GAMESA,15.400,1.58,0.24,-26.91,15.640,14.800,1181658,10490,2022-04-25 17:15
SOLARIA,20.950,-1.13,-0.24,22.37,21.660,20.710,300716,2618,2022-04-25 17:16
TELEFÓNICA,4.813,-0.66,-0.03,24.95,4.866,4.767,5607176,27815,2022-04-25 17:16
