ACCIONA,190.700,1.01,1.90,13.44,193.400,186.900,45853,10461,2022-04-25 13:15
ACERINOX,9.512,-4.15,-0.41,-16.45,9.870,9.500,1949272,2573,2022-04-25 13:15
ACS,24.330,-0.94,-0.23,5.28,24.570,24.080,285123,7169,2022-04-25 13:14
AENA,148.150,-0.47,-0.70,6.74,149.200,145.150,26470,22222,2022-04-25 13:11
ALMIRALL,11.960,0.00,0.00,5.84,12.100,11.830,112070,2150,2022-04-25 13:12
AMADEUS IT GROUP,59.340,0.37,0.22,-0.50,59.440,57.440,132665,26733,2022-04-25 13:15
ARCELORMITTAL,27.230,-7.85,-2.32,-4.04,28.845,27.065,1471604,25537,2022-04-25 13:15
BANCO SABADELL,0.773,-0.97,-0.01,35.76,0.777,0.763,9529904,4350,2022-04-25 13:15
BANKINTER,5.574,0.07,0.00,25.03,5.592,5.424,883005,5010,2022-04-25 13:15
BBVA,4.893,-2.26,-0.11,-2.53,4.943,4.863,8716925,32626,2022-04-25 13:15
CAIXABANK,3.049,-1.33,-0.04,32.47,3.063,3.010,3614663,24577,2022-04-25 13:15
CELLNEX TELECOM,45.350,0.47,0.21,-11.39,45.480,44.340,217713,30808,2022-04-25 13:15
CIE AUTOMOTIVE,20.220,-1.08,-0.22,-25.11,20.320,20.000,69516,2478,2022-04-25 13:04
COLONIAL,8.105,-0.31,-0.03,-1.76,8.150,8.015,191404,4374,2022-04-25 13:06
ENAGAS,20.480,0.00,0.00,0.39,20.520,20.300,164184,5366,2022-04-25 13:15
ENDESA,19.965,0.53,0.10,-1.16,20.250,19.505,296028,21138,2022-04-25 13:16
FERROVIAL,23.870,-2.45,-0.60,-13.39,24.490,23.860,281478,17511,2022-04-25 13:15
FLUIDRA,25.000,-3.99,-1.04,-28.98,25.920,24.960,147198,4891,2022-04-25 13:14
GRIFOLS,16.370,0.86,0.14,-2.99,16.425,15.990,412128,6976,2022-04-25 13:15
IAG,1.791,0.59,0.01,5.13,1.800,1.730,8699315,8906,2022-04-25 13:16
IBERDROLA,10.595,1.53,0.16,3.49,10.650,10.340,4006456,68206,2022-04-25 13:15
INDITEX,20.100,-1.08,-0.22,-29.55,20.380,19.895,1769433,62645,2022-04-25 13:15
INDRA,9.195,-0.59,-0.06,-3.41,9.450,9.100,290970,1624,2022-04-25 13:16
MAPFRE,1.878,-1.16,-0.02,4.02,1.890,1.873,1547130,5783,2022-04-25 13:15
MELIÁ HOTELS,7.175,2.57,0.18,19.54,7.190,6.850,325353,1581,2022-04-25 13:16
MERLIN PROP,10.820,0.00,0.00,13.06,10.860,10.680,426674,5083,2022-04-25 13:03
NATURGY,28.890,0.56,0.16,3.02,28.950,28.170,54336,28012,2022-04-25 13:15
PHARMA MAR,76.160,-0.18,-0.14,33.57,76.320,71.020,31415,1398,2022-04-25 13:13
RED ELÉCTRICA,18.665,0.59,0.11,-0.47,18.785,18.415,245263,10099,2022-04-25 13:15
REPSOL,12.855,-2.58,-0.34,26.59,13.090,12.725,2834794,20155,2022-04-25 13:15
ROVI,61.850,-1.04,-0.65,-16.19,62.100,61.000,49196,3468,2022-04-25 12:59
SANTANDER,3.118,-1.50,-0.05,6.05,3.149,3.092,17693796,54077,2022-04-25 13:16
SIEMENS GAMESA,15.355,1.29,0.19,-27.12,15.640,14.800,699927,10459,2022-04-25 13:16
SOLARIA,21.030,-0.76,-0.16,22.84,21.660,20.710,208808,2628,2022-04-25 13:15
TELEFÓNICA,4.843,-0.04,-0.00,25.73,4.845,4.767,3433508,27988,2022-04-25 13:15
