ACCIONA,194.200,-0.82,-1.60,15.53,196.800,192.000,34268,10653,2022-04-21 10:13
ACERINOX,10.130,0.50,0.05,-11.02,10.175,10.000,228264,2741,2022-04-21 10:13
ACS,25.070,0.60,0.15,8.48,25.150,24.960,71102,7387,2022-04-21 10:12
AENA,152.850,2.00,3.00,10.12,153.200,150.250,15846,22928,2022-04-21 10:14
ALMIRALL,12.120,-0.57,-0.07,7.26,12.240,12.060,38375,2179,2022-04-21 10:00
AMADEUS IT GROUP,60.040,3.52,2.04,0.67,60.040,57.980,124295,27048,2022-04-21 10:14
ARCELORMITTAL,30.630,2.13,0.64,7.95,30.745,29.950,115335,28725,2022-04-21 10:14
BANCO SABADELL,0.783,1.98,0.02,37.55,0.785,0.771,6048950,4407,2022-04-21 10:14
BANKINTER,5.610,3.93,0.21,25.83,5.620,5.384,1376749,5043,2022-04-21 10:13
BBVA,5.136,0.88,0.05,2.31,5.154,5.108,1411197,34246,2022-04-21 10:14
CAIXABANK,3.134,0.00,0.00,36.16,3.160,3.114,2137240,25262,2022-04-21 10:14
CELLNEX TELECOM,45.930,1.35,0.61,-10.26,45.970,45.000,117199,31202,2022-04-21 10:14
CIE AUTOMOTIVE,20.740,1.17,0.24,-23.18,20.760,20.460,11097,2542,2022-04-21 10:14
COLONIAL,8.285,0.85,0.07,0.42,8.295,8.180,41288,4471,2022-04-21 10:07
ENAGAS,20.930,-0.57,-0.12,2.60,21.080,20.870,73524,5483,2022-04-21 10:12
ENDESA,20.010,0.93,0.18,-0.94,20.070,19.800,81366,21186,2022-04-21 10:14
FERROVIAL,25.580,0.95,0.24,-7.18,25.610,25.340,57589,18766,2022-04-21 10:14
FLUIDRA,25.900,1.49,0.38,-26.42,25.920,25.600,48571,5067,2022-04-21 10:14
GRIFOLS,16.410,0.43,0.07,-2.76,16.410,16.120,234746,6993,2022-04-21 10:14
IAG,1.797,3.63,0.06,5.46,1.810,1.750,10312571,8934,2022-04-21 10:14
IBERDROLA,10.700,0.75,0.08,4.52,10.735,10.580,1034263,68882,2022-04-21 10:14
INDITEX,21.050,0.91,0.19,-26.22,21.120,20.860,390250,65606,2022-04-21 10:14
INDRA,9.525,1.11,0.10,0.05,9.550,9.420,113937,1683,2022-04-21 10:14
MAPFRE,1.944,0.36,0.01,7.67,1.948,1.937,484004,5987,2022-04-21 10:13
MELIÁ HOTELS,7.195,1.41,0.10,19.88,7.215,6.790,368555,1586,2022-04-21 10:13
MERLIN PROP,10.870,0.18,0.02,13.58,10.890,10.800,93017,5106,2022-04-21 10:14
NATURGY,29.270,0.21,0.06,4.38,29.390,29.150,16996,28381,2022-04-21 10:13
PHARMA MAR,76.900,-0.05,-0.04,34.86,77.360,76.200,7218,1411,2022-04-21 10:13
RED ELÉCTRICA,18.980,-0.76,-0.15,1.21,19.155,18.965,129473,10270,2022-04-21 10:14
REPSOL,13.670,0.29,0.04,34.61,13.780,13.650,515950,21433,2022-04-21 10:14
ROVI,64.500,0.86,0.55,-12.60,64.600,63.500,20294,3616,2022-04-21 10:14
SANTANDER,3.215,0.09,0.00,9.34,3.230,3.205,5393420,55750,2022-04-21 10:14
SIEMENS GAMESA,15.920,0.38,0.06,-24.44,16.010,15.610,305171,10844,2022-04-21 10:14
SOLARIA,22.500,2.32,0.51,31.43,22.520,21.680,141570,2811,2022-04-21 10:14
TELEFÓNICA,4.880,-0.10,-0.01,26.69,4.932,4.866,2318281,28202,2022-04-21 10:14
ACCIONA,192.700,-1.58,-3.10,14.63,196.800,192.000,42953,10571,2022-04-21 11:14
ACERINOX,10.185,1.04,0.11,-10.54,10.190,10.000,328771,2756,2022-04-21 11:13
ACS,24.990,0.28,0.07,8.13,25.150,24.960,129417,7364,2022-04-21 11:14
AENA,153.000,2.10,3.15,10.23,153.300,150.250,19987,22950,2022-04-21 11:12
ALMIRALL,12.170,-0.16,-0.02,7.70,12.240,12.060,43833,2188,2022-04-21 11:03
AMADEUS IT GROUP,60.380,4.10,2.38,1.24,60.540,57.980,177833,27201,2022-04-21 11:14
ARCELORMITTAL,30.760,2.57,0.77,8.41,30.790,29.950,161696,28847,2022-04-21 11:14
BANCO SABADELL,0.791,3.05,0.02,38.99,0.792,0.771,11622842,4453,2022-04-21 11:14
BANKINTER,5.598,3.71,0.20,25.56,5.622,5.384,1791164,5032,2022-04-21 11:14
BBVA,5.171,1.57,0.08,3.01,5.171,5.108,2116228,34480,2022-04-21 11:14
CAIXABANK,3.155,0.67,0.02,37.07,3.160,3.114,3098447,25431,2022-04-21 11:14
CELLNEX TELECOM,45.690,0.82,0.37,-10.73,45.980,45.000,187012,31038,2022-04-21 11:14
CIE AUTOMOTIVE,20.800,1.46,0.30,-22.96,20.820,20.460,65610,2549,2022-04-21 11:07
COLONIAL,8.310,1.16,0.10,0.73,8.320,8.180,62399,4484,2022-04-21 11:10
ENAGAS,20.760,-1.38,-0.29,1.76,21.080,20.740,138438,5439,2022-04-21 11:14
ENDESA,19.955,0.66,0.13,-1.21,20.070,19.800,114504,21127,2022-04-21 11:14
FERROVIAL,25.420,0.32,0.08,-7.76,25.640,25.340,93855,18648,2022-04-21 11:14
FLUIDRA,25.980,1.80,0.46,-26.19,26.020,25.600,62029,5082,2022-04-21 11:14
GRIFOLS,16.545,1.25,0.20,-1.96,16.600,16.120,378456,7050,2022-04-21 11:14
IAG,1.827,5.39,0.09,7.25,1.830,1.750,14533673,9085,2022-04-21 11:14
IBERDROLA,10.600,-0.19,-0.02,3.54,10.735,10.580,1756306,68238,2022-04-21 11:13
INDITEX,21.070,1.01,0.21,-26.15,21.170,20.860,579724,65668,2022-04-21 11:14
INDRA,9.575,1.65,0.15,0.58,9.575,9.420,153269,1691,2022-04-21 11:14
MAPFRE,1.951,0.72,0.01,8.06,1.953,1.937,967801,6008,2022-04-21 11:14
MELIÁ HOTELS,7.260,2.33,0.17,20.96,7.260,6.790,488819,1600,2022-04-21 11:14
MERLIN PROP,10.900,0.46,0.05,13.90,10.910,10.800,255332,5121,2022-04-21 11:10
NATURGY,28.980,-0.79,-0.23,3.34,29.390,28.940,27720,28099,2022-04-21 11:14
PHARMA MAR,76.460,-0.62,-0.48,34.09,77.360,76.200,14947,1403,2022-04-21 11:13
RED ELÉCTRICA,18.715,-2.14,-0.41,-0.20,19.155,18.690,220822,10126,2022-04-21 11:14
REPSOL,13.635,0.04,0.01,34.27,13.780,13.620,737482,21378,2022-04-21 11:14
ROVI,64.450,0.78,0.50,-12.67,64.750,63.500,34121,3614,2022-04-21 11:13
SANTANDER,3.210,-0.06,-0.00,9.17,3.230,3.196,9170785,55663,2022-04-21 11:14
SIEMENS GAMESA,15.695,-1.04,-0.16,-25.51,16.020,15.610,422242,10691,2022-04-21 11:14
SOLARIA,22.010,0.09,0.02,28.56,22.520,21.680,189336,2750,2022-04-21 11:14
TELEFÓNICA,4.898,0.27,0.01,27.15,4.932,4.866,2993453,28306,2022-04-21 11:14
ACCIONA,193.300,-1.28,-2.50,14.99,196.800,192.000,50089,10604,2022-04-21 12:09
ACERINOX,10.210,1.29,0.13,-10.32,10.220,10.000,424633,2762,2022-04-21 12:11
ACS,24.990,0.28,0.07,8.13,25.150,24.960,165458,7364,2022-04-21 12:13
AENA,152.600,1.84,2.75,9.94,153.300,150.250,22760,22890,2022-04-21 12:14
ALMIRALL,12.180,-0.08,-0.01,7.79,12.240,12.060,55797,2190,2022-04-21 12:11
AMADEUS IT GROUP,60.280,3.93,2.28,1.07,60.660,57.980,216307,27156,2022-04-21 12:13
ARCELORMITTAL,30.895,3.02,0.91,8.88,30.895,29.950,205025,28974,2022-04-21 12:13
BANCO SABADELL,0.796,3.59,0.03,39.73,0.796,0.771,15297944,4477,2022-04-21 12:14
BANKINTER,5.626,4.22,0.23,26.19,5.626,5.384,2089810,5057,2022-04-21 12:14
BBVA,5.162,1.39,0.07,2.83,5.178,5.108,2651766,34420,2022-04-21 12:14
CAIXABANK,3.150,0.51,0.02,36.86,3.160,3.114,3715207,25391,2022-04-21 12:14
CELLNEX TELECOM,45.610,0.64,0.29,-10.88,45.980,45.000,222651,30984,2022-04-21 12:13
CIE AUTOMOTIVE,20.880,1.85,0.38,-22.67,20.880,20.460,92848,2559,2022-04-21 12:14
COLONIAL,8.335,1.46,0.12,1.03,8.335,8.180,89718,4498,2022-04-21 12:14
ENAGAS,20.730,-1.52,-0.32,1.62,21.080,20.720,183098,5431,2022-04-21 12:14
ENDESA,19.895,0.35,0.07,-1.51,20.070,19.800,141759,21064,2022-04-21 12:12
FERROVIAL,25.680,1.34,0.34,-6.82,25.710,25.340,148481,18839,2022-04-21 12:12
FLUIDRA,26.160,2.51,0.64,-25.68,26.180,25.600,82358,5118,2022-04-21 12:14
GRIFOLS,16.885,3.34,0.55,0.06,16.905,16.120,535554,7195,2022-04-21 12:14
IAG,1.840,6.11,0.11,7.98,1.844,1.750,18188248,9148,2022-04-21 12:14
IBERDROLA,10.590,-0.28,-0.03,3.44,10.735,10.580,2307306,68174,2022-04-21 12:14
INDITEX,21.160,1.44,0.30,-25.83,21.190,20.860,728973,65948,2022-04-21 12:14
INDRA,9.580,1.70,0.16,0.63,9.580,9.420,170431,1692,2022-04-21 12:06
MAPFRE,1.953,0.83,0.02,8.17,1.957,1.937,1194400,6014,2022-04-21 12:14
MELIÁ HOTELS,7.260,2.33,0.17,20.96,7.275,6.790,566312,1600,2022-04-21 12:12
MERLIN PROP,10.890,0.37,0.04,13.79,10.910,10.800,284846,5116,2022-04-21 12:05
NATURGY,28.960,-0.86,-0.25,3.27,29.390,28.930,36963,28080,2022-04-21 12:14
PHARMA MAR,76.680,-0.34,-0.26,34.48,77.360,76.200,17781,1407,2022-04-21 12:09
RED ELÉCTRICA,18.740,-2.01,-0.39,-0.07,19.155,18.660,285589,10140,2022-04-21 12:14
REPSOL,13.615,-0.11,-0.02,34.07,13.780,13.605,983099,21347,2022-04-21 12:12
ROVI,64.750,1.25,0.80,-12.26,64.800,63.500,43124,3630,2022-04-21 12:13
SANTANDER,3.210,-0.08,-0.00,9.15,3.230,3.196,11097901,55655,2022-04-21 12:14
SIEMENS GAMESA,15.805,-0.35,-0.05,-24.99,16.020,15.610,504709,10765,2022-04-21 12:14
SOLARIA,21.990,0.00,0.00,28.45,22.520,21.680,234160,2748,2022-04-21 12:14
TELEFÓNICA,4.909,0.49,0.02,27.44,4.932,4.866,3463479,28369,2022-04-21 12:14
ACCIONA,192.000,-1.94,-3.80,14.22,196.800,192.000,63552,10532,2022-04-21 13:14
ACERINOX,10.240,1.59,0.16,-10.06,10.250,10.000,496533,2770,2022-04-21 13:11
ACS,25.030,0.44,0.11,8.31,25.150,24.960,201627,7375,2022-04-21 13:14
AENA,153.050,2.14,3.20,10.27,153.400,150.250,29384,22958,2022-04-21 13:14
ALMIRALL,12.060,-1.07,-0.13,6.73,12.250,12.020,132423,2168,2022-04-21 13:13
AMADEUS IT GROUP,60.540,4.38,2.54,1.51,60.660,57.980,257428,27273,2022-04-21 13:14
ARCELORMITTAL,30.910,3.07,0.92,8.93,30.930,29.950,243936,28988,2022-04-21 13:13
BANCO SABADELL,0.797,3.80,0.03,40.01,0.798,0.771,18206658,4486,2022-04-21 13:14
BANKINTER,5.654,4.74,0.26,26.82,5.664,5.384,2554331,5082,2022-04-21 13:14
BBVA,5.167,1.49,0.08,2.93,5.178,5.108,3105725,34453,2022-04-21 13:14
CAIXABANK,3.161,0.86,0.03,37.33,3.168,3.114,4614899,25480,2022-04-21 13:14
CELLNEX TELECOM,45.570,0.55,0.25,-10.96,45.980,45.000,260883,30957,2022-04-21 13:13
CIE AUTOMOTIVE,20.980,2.34,0.48,-22.30,20.980,20.460,120649,2571,2022-04-21 13:13
COLONIAL,8.320,1.28,0.10,0.85,8.360,8.180,136307,4490,2022-04-21 13:13
ENAGAS,20.760,-1.38,-0.29,1.76,21.080,20.720,213125,5439,2022-04-21 13:12
ENDESA,19.940,0.58,0.11,-1.29,20.070,19.800,184065,21112,2022-04-21 13:12
FERROVIAL,25.680,1.34,0.34,-6.82,25.730,25.340,189939,18839,2022-04-21 13:10
FLUIDRA,26.240,2.82,0.72,-25.45,26.260,25.600,106577,5133,2022-04-21 13:14
GRIFOLS,16.725,2.36,0.39,-0.89,16.905,16.120,651573,7127,2022-04-21 13:13
IAG,1.848,6.57,0.11,8.45,1.850,1.750,21008516,9187,2022-04-21 13:14
IBERDROLA,10.615,-0.05,-0.01,3.69,10.735,10.575,2802809,68335,2022-04-21 13:14
INDITEX,21.180,1.53,0.32,-25.76,21.280,20.860,1026842,66011,2022-04-21 13:12
INDRA,9.575,1.65,0.15,0.58,9.610,9.420,218197,1691,2022-04-21 13:10
MAPFRE,1.954,0.88,0.02,8.22,1.958,1.937,1669057,6017,2022-04-21 13:14
MELIÁ HOTELS,7.310,3.03,0.22,21.79,7.310,6.790,683778,1611,2022-04-21 13:14
MERLIN PROP,10.900,0.46,0.05,13.90,10.930,10.800,354388,5121,2022-04-21 13:14
NATURGY,29.020,-0.65,-0.19,3.48,29.390,28.920,62561,28138,2022-04-21 13:10
PHARMA MAR,76.640,-0.39,-0.30,34.41,77.360,76.200,20856,1407,2022-04-21 13:14
RED ELÉCTRICA,18.780,-1.80,-0.34,0.14,19.155,18.660,322537,10161,2022-04-21 13:11
REPSOL,13.655,0.18,0.02,34.47,13.780,13.585,1242473,21410,2022-04-21 13:14
ROVI,64.850,1.41,0.90,-12.13,65.200,63.500,54068,3636,2022-04-21 13:14
SANTANDER,3.207,-0.14,-0.00,9.08,3.230,3.196,13430901,55620,2022-04-21 13:14
SIEMENS GAMESA,15.895,0.22,0.04,-24.56,16.020,15.610,574339,10827,2022-04-21 13:11
SOLARIA,22.100,0.50,0.11,29.09,22.520,21.680,314084,2761,2022-04-21 13:12
TELEFÓNICA,4.915,0.61,0.03,27.60,4.932,4.866,4043098,28404,2022-04-21 13:14
ACCIONA,191.800,-2.04,-4.00,14.10,196.800,191.700,69550,10522,2022-04-21 14:11
ACERINOX,10.260,1.79,0.18,-9.88,10.290,10.000,672156,2776,2022-04-21 14:14
ACS,25.000,0.32,0.08,8.18,25.150,24.960,228733,7367,2022-04-21 14:14
AENA,152.700,1.90,2.85,10.01,153.400,150.250,33938,22905,2022-04-21 14:13
ALMIRALL,12.070,-0.98,-0.12,6.81,12.250,11.980,163568,2170,2022-04-21 14:08
AMADEUS IT GROUP,60.560,4.41,2.56,1.54,60.660,57.980,269896,27282,2022-04-21 14:13
ARCELORMITTAL,30.905,3.05,0.92,8.92,31.070,29.950,304376,28983,2022-04-21 14:14
BANCO SABADELL,0.798,3.85,0.03,40.08,0.800,0.771,20741920,4488,2022-04-21 14:14
BANKINTER,5.668,5.00,0.27,27.13,5.680,5.384,2827177,5095,2022-04-21 14:13
BBVA,5.163,1.41,0.07,2.85,5.178,5.108,3438786,34426,2022-04-21 14:14
CAIXABANK,3.170,1.15,0.04,37.72,3.174,3.114,5302820,25552,2022-04-21 14:13
CELLNEX TELECOM,45.410,0.20,0.09,-11.27,45.980,45.000,299657,30848,2022-04-21 14:14
CIE AUTOMOTIVE,21.060,2.73,0.56,-22.00,21.060,20.460,126369,2581,2022-04-21 14:06
COLONIAL,8.315,1.22,0.10,0.79,8.360,8.180,161245,4487,2022-04-21 14:14
ENAGAS,20.710,-1.62,-0.34,1.52,21.080,20.710,243106,5426,2022-04-21 14:14
ENDESA,19.895,0.35,0.07,-1.51,20.070,19.800,202106,21064,2022-04-21 14:14
FERROVIAL,25.710,1.46,0.37,-6.71,25.730,25.340,214983,18861,2022-04-21 14:14
FLUIDRA,26.780,4.94,1.26,-23.92,26.900,25.600,160978,5239,2022-04-21 14:14
GRIFOLS,16.670,2.02,0.33,-1.21,16.905,16.120,709410,7104,2022-04-21 14:14
IAG,1.855,6.95,0.12,8.83,1.855,1.750,24024872,9220,2022-04-21 14:14
IBERDROLA,10.590,-0.28,-0.03,3.44,10.735,10.575,3320439,68174,2022-04-21 14:12
INDITEX,21.250,1.87,0.39,-25.52,21.280,20.860,1175276,66229,2022-04-21 14:14
INDRA,9.575,1.65,0.15,0.58,9.610,9.420,235536,1691,2022-04-21 14:05
MAPFRE,1.950,0.67,0.01,8.00,1.958,1.937,1809195,6005,2022-04-21 14:13
MELIÁ HOTELS,7.320,3.17,0.23,21.96,7.325,6.790,751349,1613,2022-04-21 14:14
MERLIN PROP,10.900,0.46,0.05,13.90,10.930,10.800,373460,5121,2022-04-21 14:13
NATURGY,29.040,-0.58,-0.17,3.55,29.390,28.920,75680,28158,2022-04-21 14:14
PHARMA MAR,76.960,0.03,0.02,34.97,77.360,76.200,27892,1413,2022-04-21 14:10
RED ELÉCTRICA,18.725,-2.09,-0.40,-0.15,19.155,18.660,355472,10132,2022-04-21 14:14
REPSOL,13.660,0.22,0.03,34.52,13.780,13.585,1393129,21417,2022-04-21 14:13
ROVI,64.800,1.33,0.85,-12.20,65.200,63.500,58189,3633,2022-04-21 14:13
SANTANDER,3.207,-0.14,-0.00,9.08,3.230,3.196,16023075,55620,2022-04-21 14:14
SIEMENS GAMESA,15.880,0.13,0.02,-24.63,16.020,15.610,661285,10817,2022-04-21 14:14
SOLARIA,22.050,0.27,0.06,28.80,22.520,21.680,336990,2755,2022-04-21 14:14
TELEFÓNICA,4.878,-0.14,-0.01,26.64,4.932,4.866,4629695,28190,2022-04-21 14:14
ACCIONA,192.300,-1.79,-3.50,14.40,196.800,190.800,79637,10549,2022-04-21 15:14
ACERINOX,10.265,1.84,0.19,-9.84,10.290,10.000,733041,2777,2022-04-21 15:13
ACS,25.000,0.32,0.08,8.18,25.150,24.960,240643,7367,2022-04-21 15:13
AENA,152.250,1.60,2.40,9.69,153.400,150.250,40258,22838,2022-04-21 15:14
ALMIRALL,12.070,-0.98,-0.12,6.81,12.250,11.980,188716,2170,2022-04-21 15:12
AMADEUS IT GROUP,60.620,4.52,2.62,1.64,60.660,57.980,305038,27309,2022-04-21 15:14
ARCELORMITTAL,30.790,2.67,0.80,8.51,31.070,29.950,338273,28875,2022-04-21 15:11
BANCO SABADELL,0.796,3.70,0.03,39.87,0.801,0.771,26015148,4481,2022-04-21 15:14
BANKINTER,5.638,4.45,0.24,26.46,5.682,5.384,3019456,5068,2022-04-21 15:14
BBVA,5.164,1.43,0.07,2.87,5.178,5.108,3922502,34433,2022-04-21 15:12
CAIXABANK,3.168,1.08,0.03,37.64,3.179,3.114,6193267,25536,2022-04-21 15:14
CELLNEX TELECOM,45.390,0.15,0.07,-11.31,45.980,45.000,330114,30835,2022-04-21 15:13
CIE AUTOMOTIVE,21.020,2.54,0.52,-22.15,21.100,20.460,138629,2576,2022-04-21 15:13
COLONIAL,8.315,1.22,0.10,0.79,8.360,8.180,202264,4487,2022-04-21 15:11
ENAGAS,20.680,-1.76,-0.37,1.37,21.080,20.670,276038,5418,2022-04-21 15:13
ENDESA,19.935,0.55,0.11,-1.31,20.070,19.800,240692,21106,2022-04-21 15:14
FERROVIAL,25.700,1.42,0.36,-6.75,25.740,25.340,277717,18854,2022-04-21 15:14
FLUIDRA,26.880,5.33,1.36,-23.64,26.900,25.600,185976,5259,2022-04-21 15:14
GRIFOLS,16.630,1.77,0.29,-1.45,16.905,16.120,789150,7087,2022-04-21 15:13
IAG,1.863,7.44,0.13,9.33,1.868,1.750,27491796,9262,2022-04-21 15:14
IBERDROLA,10.570,-0.47,-0.05,3.25,10.735,10.570,3699328,68045,2022-04-21 15:14
INDITEX,21.150,1.39,0.29,-25.87,21.280,20.860,1267053,65917,2022-04-21 15:14
INDRA,9.520,1.06,0.10,0.00,9.610,9.420,260205,1682,2022-04-21 15:10
MAPFRE,1.950,0.67,0.01,8.00,1.958,1.937,1930377,6005,2022-04-21 15:13
MELIÁ HOTELS,7.355,3.66,0.26,22.54,7.360,6.790,902450,1621,2022-04-21 15:11
MERLIN PROP,10.890,0.37,0.04,13.79,10.930,10.800,417728,5116,2022-04-21 15:09
NATURGY,28.990,-0.75,-0.22,3.38,29.390,28.920,84622,28109,2022-04-21 15:14
PHARMA MAR,76.700,-0.31,-0.24,34.51,77.360,76.200,28654,1408,2022-04-21 15:13
RED ELÉCTRICA,18.710,-2.17,-0.42,-0.23,19.155,18.660,429189,10124,2022-04-21 15:14
REPSOL,13.685,0.40,0.06,34.76,13.780,13.585,1538820,21457,2022-04-21 15:14
ROVI,64.850,1.41,0.90,-12.13,65.200,63.500,65610,3636,2022-04-21 15:13
SANTANDER,3.217,0.14,0.00,9.39,3.230,3.196,17472940,55776,2022-04-21 15:14
SIEMENS GAMESA,15.910,0.32,0.05,-24.49,16.020,15.610,756516,10837,2022-04-21 15:14
SOLARIA,21.730,-1.18,-0.26,26.93,22.520,21.680,367498,2715,2022-04-21 15:12
TELEFÓNICA,4.859,-0.53,-0.03,26.14,4.932,4.859,5192900,28080,2022-04-21 15:14
ACCIONA,192.400,-1.74,-3.40,14.46,196.800,190.800,89453,10554,2022-04-21 16:13
ACERINOX,10.260,1.79,0.18,-9.88,10.295,10.000,814710,2776,2022-04-21 16:13
ACS,24.950,0.12,0.03,7.96,25.150,24.930,288263,7352,2022-04-21 16:14
AENA,151.550,1.13,1.70,9.19,153.400,150.250,50541,22732,2022-04-21 16:14
ALMIRALL,12.120,-0.57,-0.07,7.26,12.250,11.980,250121,2179,2022-04-21 16:11
AMADEUS IT GROUP,60.460,4.24,2.46,1.37,61.120,57.980,375803,27237,2022-04-21 16:14
ARCELORMITTAL,30.970,3.27,0.98,9.15,31.105,29.950,419794,29044,2022-04-21 16:14
BANCO SABADELL,0.795,3.54,0.03,39.66,0.801,0.771,28569972,4475,2022-04-21 16:14
BANKINTER,5.622,4.15,0.22,26.10,5.682,5.384,3168449,5053,2022-04-21 16:14
BBVA,5.160,1.36,0.07,2.79,5.178,5.108,4656899,34406,2022-04-21 16:14
CAIXABANK,3.160,0.83,0.03,37.29,3.179,3.114,7330412,25472,2022-04-21 16:14
CELLNEX TELECOM,45.540,0.49,0.22,-11.02,45.980,45.000,411757,30937,2022-04-21 16:14
CIE AUTOMOTIVE,21.000,2.44,0.50,-22.22,21.100,20.460,150468,2574,2022-04-21 16:14
COLONIAL,8.280,0.79,0.06,0.36,8.360,8.180,260631,4468,2022-04-21 16:11
ENAGAS,20.690,-1.71,-0.36,1.42,21.080,20.630,331399,5421,2022-04-21 16:12
ENDESA,19.925,0.50,0.10,-1.36,20.070,19.800,285837,21096,2022-04-21 16:14
FERROVIAL,25.570,0.91,0.23,-7.22,25.740,25.340,324530,18758,2022-04-21 16:13
FLUIDRA,26.640,4.39,1.12,-24.32,26.900,25.600,204220,5212,2022-04-21 16:13
GRIFOLS,16.605,1.62,0.26,-1.60,16.905,16.120,953987,7076,2022-04-21 16:14
IAG,1.853,6.86,0.12,8.74,1.868,1.750,30498636,9212,2022-04-21 16:14
IBERDROLA,10.535,-0.80,-0.09,2.91,10.735,10.535,4132541,67820,2022-04-21 16:13
INDITEX,21.090,1.10,0.23,-26.08,21.280,20.860,1468041,65730,2022-04-21 16:14
INDRA,9.485,0.69,0.06,-0.37,9.610,9.420,309998,1676,2022-04-21 16:11
MAPFRE,1.949,0.62,0.01,7.95,1.958,1.937,2048714,6002,2022-04-21 16:13
MELIÁ HOTELS,7.275,2.54,0.18,21.21,7.380,6.790,1026311,1603,2022-04-21 16:14
MERLIN PROP,10.900,0.46,0.05,13.90,10.930,10.800,428183,5121,2022-04-21 16:04
NATURGY,29.030,-0.62,-0.18,3.52,29.390,28.920,97633,28148,2022-04-21 16:14
PHARMA MAR,76.340,-0.78,-0.60,33.88,77.360,76.200,35072,1401,2022-04-21 16:14
RED ELÉCTRICA,18.690,-2.27,-0.43,-0.34,19.155,18.660,498470,10113,2022-04-21 16:14
REPSOL,13.740,0.81,0.11,35.30,13.780,13.585,1860595,21543,2022-04-21 16:14
ROVI,64.550,0.94,0.60,-12.53,65.200,63.500,77139,3619,2022-04-21 16:14
SANTANDER,3.224,0.39,0.01,9.66,3.230,3.196,20663772,55915,2022-04-21 16:15
SIEMENS GAMESA,15.840,-0.13,-0.02,-24.82,16.020,15.610,942254,10789,2022-04-21 16:14
SOLARIA,21.630,-1.64,-0.36,26.34,22.520,21.630,422685,2703,2022-04-21 16:14
TELEFÓNICA,4.870,-0.31,-0.02,26.43,4.932,4.854,6072910,28144,2022-04-21 16:15
ACCIONA,192.000,-1.94,-3.80,14.22,196.800,190.800,97779,10532,2022-04-21 17:14
ACERINOX,10.250,1.69,0.17,-9.97,10.295,10.000,907648,2773,2022-04-21 17:13
ACS,24.870,-0.20,-0.05,7.61,25.150,24.860,361934,7328,2022-04-21 17:14
AENA,150.950,0.73,1.10,8.75,153.400,150.250,61924,22642,2022-04-21 17:14
ALMIRALL,12.120,-0.57,-0.07,7.26,12.250,11.980,283614,2179,2022-04-21 17:14
AMADEUS IT GROUP,60.140,3.69,2.14,0.84,61.120,57.980,452601,27093,2022-04-21 17:14
ARCELORMITTAL,30.850,2.87,0.86,8.72,31.105,29.950,442980,28931,2022-04-21 17:15
BANCO SABADELL,0.799,4.09,0.03,40.39,0.801,0.771,32896468,4498,2022-04-21 17:14
BANKINTER,5.624,4.19,0.23,26.15,5.682,5.384,3297391,5055,2022-04-21 17:13
BBVA,5.148,1.12,0.06,2.55,5.178,5.108,5727786,34326,2022-04-21 17:14
CAIXABANK,3.138,0.13,0.00,36.33,3.179,3.114,8485025,25294,2022-04-21 17:14
CELLNEX TELECOM,45.600,0.62,0.28,-10.90,45.980,45.000,488061,30977,2022-04-21 17:14
CIE AUTOMOTIVE,21.080,2.83,0.58,-21.93,21.100,20.460,169613,2583,2022-04-21 17:14
COLONIAL,8.265,0.61,0.05,0.18,8.360,8.180,322769,4460,2022-04-21 17:15
ENAGAS,20.470,-2.76,-0.58,0.34,21.080,20.420,548119,5363,2022-04-21 17:14
ENDESA,19.865,0.20,0.04,-1.66,20.070,19.800,383716,21032,2022-04-21 17:15
FERROVIAL,25.590,0.99,0.25,-7.15,25.740,25.340,370475,18773,2022-04-21 17:14
FLUIDRA,26.720,4.70,1.20,-24.09,26.900,25.600,230289,5227,2022-04-21 17:10
GRIFOLS,16.680,2.08,0.34,-1.16,16.905,16.120,1062334,7108,2022-04-21 17:14
IAG,1.847,6.49,0.11,8.36,1.868,1.750,33797480,9180,2022-04-21 17:14
IBERDROLA,10.480,-1.32,-0.14,2.37,10.735,10.450,5003425,67466,2022-04-21 17:14
INDITEX,21.080,1.05,0.22,-26.11,21.280,20.860,1797848,65699,2022-04-21 17:14
INDRA,9.450,0.32,0.03,-0.74,9.610,9.420,348866,1669,2022-04-21 17:14
MAPFRE,1.944,0.36,0.01,7.67,1.958,1.937,2207284,5987,2022-04-21 17:14
MELIÁ HOTELS,7.240,2.04,0.14,20.63,7.380,6.790,1144148,1596,2022-04-21 17:14
MERLIN PROP,10.910,0.55,0.06,14.00,10.930,10.800,840968,5125,2022-04-21 17:13
NATURGY,28.860,-1.20,-0.35,2.91,29.390,28.800,137794,27983,2022-04-21 17:14
PHARMA MAR,76.740,-0.26,-0.20,34.58,77.360,76.200,39302,1409,2022-04-21 17:15
RED ELÉCTRICA,18.505,-3.24,-0.62,-1.32,19.155,18.445,708631,10013,2022-04-21 17:14
REPSOL,13.695,0.48,0.06,34.86,13.790,13.585,2150826,21472,2022-04-21 17:14
ROVI,65.000,1.64,1.05,-11.92,65.200,63.500,86684,3644,2022-04-21 17:14
SANTANDER,3.221,0.28,0.01,9.54,3.232,3.196,25223888,55854,2022-04-21 17:14
SIEMENS GAMESA,15.820,-0.25,-0.04,-24.92,16.020,15.610,1102803,10776,2022-04-21 17:14
SOLARIA,21.580,-1.86,-0.41,26.05,22.520,21.500,515559,2696,2022-04-21 17:14
TELEFÓNICA,4.839,-0.94,-0.05,25.62,4.932,4.837,7795421,27965,2022-04-21 17:15
ACCIONA,191.400,-2.25,-4.40,13.86,196.800,190.800,150653,10500,2022-04-21 18:00
ACERINOX,10.235,1.54,0.15,-10.10,10.295,10.000,1037481,2769,2022-04-21 18:00
ACS,24.970,0.20,0.05,8.05,25.150,24.860,674302,7358,2022-04-21 18:00
AENA,150.950,0.73,1.10,8.75,153.400,150.250,139360,22642,2022-04-21 18:00
ALMIRALL,12.090,-0.82,-0.10,6.99,12.250,11.980,368854,2174,2022-04-21 18:00
AMADEUS IT GROUP,60.200,3.79,2.20,0.94,61.120,57.980,794862,27120,2022-04-21 18:00
ARCELORMITTAL,30.800,2.70,0.81,8.55,31.105,29.950,475976,28885,2022-04-21 18:00
BANCO SABADELL,0.802,4.37,0.03,40.78,0.802,0.771,41120788,4511,2022-04-21 18:00
BANKINTER,5.602,3.78,0.20,25.65,5.682,5.384,4077266,5035,2022-04-21 18:00
BBVA,5.152,1.20,0.06,2.63,5.178,5.108,11775977,34353,2022-04-21 18:00
CAIXABANK,3.131,-0.10,-0.00,36.03,3.179,3.114,15078729,25238,2022-04-21 18:00
CELLNEX TELECOM,45.580,0.57,0.26,-10.94,45.980,45.000,884126,30964,2022-04-21 18:00
CIE AUTOMOTIVE,20.980,2.34,0.48,-22.30,21.100,20.460,217849,2571,2022-04-21 18:00
COLONIAL,8.290,0.91,0.07,0.48,8.360,8.180,569587,4473,2022-04-21 18:00
ENAGAS,20.510,-2.57,-0.54,0.54,21.080,20.420,1346516,5373,2022-04-21 18:00
ENDESA,19.860,0.18,0.03,-1.68,20.070,19.800,904879,21027,2022-04-21 18:00
FERROVIAL,25.560,0.87,0.22,-7.26,25.740,25.340,908021,18751,2022-04-21 18:00
FLUIDRA,26.640,4.39,1.12,-24.32,26.900,25.600,332605,5212,2022-04-21 18:00
GRIFOLS,16.660,1.96,0.32,-1.27,16.905,16.120,1576644,7099,2022-04-21 18:00
IAG,1.842,6.26,0.11,8.13,1.868,1.750,37518864,9160,2022-04-21 18:00
IBERDROLA,10.520,-0.94,-0.10,2.76,10.735,10.450,11361792,67723,2022-04-21 18:00
INDITEX,21.090,1.10,0.23,-26.08,21.280,20.860,3212395,65730,2022-04-21 18:00
INDRA,9.420,0.00,0.00,-1.05,9.610,9.420,427593,1664,2022-04-21 18:00
MAPFRE,1.940,0.15,0.00,7.45,1.958,1.937,3289216,5974,2022-04-21 18:00
MELIÁ HOTELS,7.240,2.04,0.14,20.63,7.380,6.790,1301325,1596,2022-04-21 18:00
MERLIN PROP,10.850,0.00,0.00,13.38,10.930,10.800,1179581,5097,2022-04-21 18:00
NATURGY,28.940,-0.92,-0.27,3.20,29.390,28.800,385262,28061,2022-04-21 18:00
PHARMA MAR,76.380,-0.73,-0.56,33.95,77.360,76.200,48189,1402,2022-04-21 18:00
RED ELÉCTRICA,18.470,-3.42,-0.66,-1.51,19.155,18.445,2203448,9994,2022-04-21 18:00
REPSOL,13.675,0.33,0.05,34.66,13.790,13.585,4367551,21441,2022-04-21 18:00
ROVI,65.000,1.64,1.05,-11.92,65.200,63.500,105026,3644,2022-04-21 18:00
SANTANDER,3.230,0.56,0.02,9.85,3.232,3.196,42785500,56010,2022-04-21 18:00
SIEMENS GAMESA,15.700,-1.01,-0.16,-25.49,16.020,15.610,1783828,10694,2022-04-21 18:00
SOLARIA,21.510,-2.18,-0.48,25.64,22.520,21.500,642799,2688,2022-04-21 18:00
TELEFÓNICA,4.839,-0.94,-0.05,25.62,4.932,4.834,15076988,27965,2022-04-21 18:00
ACCIONA,195.400,-0.20,-0.40,16.24,196.800,195.200,3134,10719,2022-04-21 09:14
ACERINOX,10.080,0.00,0.00,-11.46,10.130,10.000,83469,2727,2022-04-21 09:13
ACS,24.990,0.28,0.07,8.13,25.150,24.960,52124,7364,2022-04-21 09:14
AENA,152.050,1.47,2.20,9.55,153.000,150.250,9228,22808,2022-04-21 09:14
ALMIRALL,12.100,-0.74,-0.09,7.08,12.240,12.060,16231,2175,2022-04-21 09:11
AMADEUS IT GROUP,58.780,1.34,0.78,-1.44,58.940,57.980,33731,26480,2022-04-21 09:13
ARCELORMITTAL,30.440,1.50,0.45,7.28,30.440,29.950,49998,28547,2022-04-21 09:14
BANCO SABADELL,0.773,0.65,0.00,35.76,0.780,0.771,2383640,4350,2022-04-21 09:13
BANKINTER,5.408,0.19,0.01,21.30,5.430,5.384,145975,4861,2022-04-21 09:14
BBVA,5.120,0.57,0.03,1.99,5.133,5.108,518972,34140,2022-04-21 09:14
CAIXABANK,3.136,0.06,0.00,36.25,3.160,3.114,680292,25278,2022-04-21 09:14
CELLNEX TELECOM,45.170,-0.33,-0.15,-11.74,45.300,45.000,27527,30685,2022-04-21 09:13
CIE AUTOMOTIVE,20.560,0.29,0.06,-23.85,20.560,20.460,1748,2520,2022-04-21 09:09
COLONIAL,8.215,0.00,0.00,-0.42,8.240,8.180,7325,4433,2022-04-21 09:14
ENAGAS,20.880,-0.81,-0.17,2.35,21.080,20.880,31071,5470,2022-04-21 09:14
ENDESA,19.865,0.20,0.04,-1.66,19.880,19.800,18614,21032,2022-04-21 09:14
FERROVIAL,25.520,0.71,0.18,-7.40,25.560,25.340,16914,18722,2022-04-21 09:14
FLUIDRA,25.680,0.63,0.16,-27.05,25.780,25.600,14762,5024,2022-04-21 09:07
GRIFOLS,16.265,-0.46,-0.08,-3.61,16.390,16.120,89326,6931,2022-04-21 09:14
IAG,1.800,3.81,0.07,5.63,1.804,1.750,4600632,8949,2022-04-21 09:14
IBERDROLA,10.600,-0.19,-0.02,3.54,10.645,10.580,287537,68238,2022-04-21 09:14
INDITEX,21.010,0.72,0.15,-26.36,21.040,20.860,121252,65481,2022-04-21 09:14
INDRA,9.510,0.96,0.09,-0.11,9.515,9.420,25313,1680,2022-04-21 09:11
MAPFRE,1.945,0.41,0.01,7.73,1.948,1.938,263938,5990,2022-04-21 09:14
MELIÁ HOTELS,7.110,0.21,0.02,18.46,7.140,6.790,187053,1567,2022-04-21 09:12
MERLIN PROP,10.850,0.00,0.00,13.38,10.890,10.800,35769,5097,2022-04-21 09:09
NATURGY,29.350,0.48,0.14,4.66,29.390,29.190,8408,28458,2022-04-21 09:13
PHARMA MAR,76.820,-0.16,-0.12,34.72,77.360,76.760,1696,1410,2022-04-21 09:14
RED ELÉCTRICA,19.025,-0.52,-0.10,1.45,19.155,19.025,20647,10294,2022-04-21 09:14
REPSOL,13.725,0.70,0.10,35.16,13.780,13.650,237441,21519,2022-04-21 09:14
ROVI,64.000,0.08,0.05,-13.28,64.300,63.500,6022,3588,2022-04-21 09:14
SANTANDER,3.207,-0.17,-0.01,9.05,3.225,3.205,1946156,55603,2022-04-21 09:14
SIEMENS GAMESA,15.840,-0.13,-0.02,-24.82,15.920,15.610,83089,10789,2022-04-21 09:14
SOLARIA,21.820,-0.77,-0.17,27.45,21.900,21.680,33437,2726,2022-04-21 09:14
TELEFÓNICA,4.909,0.49,0.02,27.44,4.932,4.866,1251458,28369,2022-04-21 09:14
