ACCIONA,192.000,-1.94,-3.80,14.22,196.800,190.800,97779,10532,2022-04-21 17:14
ACERINOX,10.250,1.69,0.17,-9.97,10.295,10.000,907648,2773,2022-04-21 17:13
ACS,24.870,-0.20,-0.05,7.61,25.150,24.860,361934,7328,2022-04-21 17:14
AENA,150.950,0.73,1.10,8.75,153.400,150.250,61924,22642,2022-04-21 17:14
ALMIRALL,12.120,-0.57,-0.07,7.26,12.250,11.980,283614,2179,2022-04-21 17:14
AMADEUS IT GROUP,60.140,3.69,2.14,0.84,61.120,57.980,452601,27093,2022-04-21 17:14
ARCELORMITTAL,30.850,2.87,0.86,8.72,31.105,29.950,442980,28931,2022-04-21 17:15
BANCO SABADELL,0.799,4.09,0.03,40.39,0.801,0.771,32896468,4498,2022-04-21 17:14
BANKINTER,5.624,4.19,0.23,26.15,5.682,5.384,3297391,5055,2022-04-21 17:13
BBVA,5.148,1.12,0.06,2.55,5.178,5.108,5727786,34326,2022-04-21 17:14
CAIXABANK,3.138,0.13,0.00,36.33,3.179,3.114,8485025,25294,2022-04-21 17:14
CELLNEX TELECOM,45.600,0.62,0.28,-10.90,45.980,45.000,488061,30977,2022-04-21 17:14
CIE AUTOMOTIVE,21.080,2.83,0.58,-21.93,21.100,20.460,169613,2583,2022-04-21 17:14
COLONIAL,8.265,0.61,0.05,0.18,8.360,8.180,322769,4460,2022-04-21 17:15
ENAGAS,20.470,-2.76,-0.58,0.34,21.080,20.420,548119,5363,2022-04-21 17:14
ENDESA,19.865,0.20,0.04,-1.66,20.070,19.800,383716,21032,2022-04-21 17:15
FERROVIAL,25.590,0.99,0.25,-7.15,25.740,25.340,370475,18773,2022-04-21 17:14
FLUIDRA,26.720,4.70,1.20,-24.09,26.900,25.600,230289,5227,2022-04-21 17:10
GRIFOLS,16.680,2.08,0.34,-1.16,16.905,16.120,1062334,7108,2022-04-21 17:14
IAG,1.847,6.49,0.11,8.36,1.868,1.750,33797480,9180,2022-04-21 17:14
IBERDROLA,10.480,-1.32,-0.14,2.37,10.735,10.450,5003425,67466,2022-04-21 17:14
INDITEX,21.080,1.05,0.22,-26.11,21.280,20.860,1797848,65699,2022-04-21 17:14
INDRA,9.450,0.32,0.03,-0.74,9.610,9.420,348866,1669,2022-04-21 17:14
MAPFRE,1.944,0.36,0.01,7.67,1.958,1.937,2207284,5987,2022-04-21 17:14
MELIÁ HOTELS,7.240,2.04,0.14,20.63,7.380,6.790,1144148,1596,2022-04-21 17:14
MERLIN PROP,10.910,0.55,0.06,14.00,10.930,10.800,840968,5125,2022-04-21 17:13
NATURGY,28.860,-1.20,-0.35,2.91,29.390,28.800,137794,27983,2022-04-21 17:14
PHARMA MAR,76.740,-0.26,-0.20,34.58,77.360,76.200,39302,1409,2022-04-21 17:15
RED ELÉCTRICA,18.505,-3.24,-0.62,-1.32,19.155,18.445,708631,10013,2022-04-21 17:14
REPSOL,13.695,0.48,0.06,34.86,13.790,13.585,2150826,21472,2022-04-21 17:14
ROVI,65.000,1.64,1.05,-11.92,65.200,63.500,86684,3644,2022-04-21 17:14
SANTANDER,3.221,0.28,0.01,9.54,3.232,3.196,25223888,55854,2022-04-21 17:14
SIEMENS GAMESA,15.820,-0.25,-0.04,-24.92,16.020,15.610,1102803,10776,2022-04-21 17:14
SOLARIA,21.580,-1.86,-0.41,26.05,22.520,21.500,515559,2696,2022-04-21 17:14
TELEFÓNICA,4.839,-0.94,-0.05,25.62,4.932,4.837,7795421,27965,2022-04-21 17:15
