ACCIONA,194.200,-0.82,-1.60,15.53,196.800,192.000,34268,10653,2022-04-21 10:13
ACERINOX,10.130,0.50,0.05,-11.02,10.175,10.000,228264,2741,2022-04-21 10:13
ACS,25.070,0.60,0.15,8.48,25.150,24.960,71102,7387,2022-04-21 10:12
AENA,152.850,2.00,3.00,10.12,153.200,150.250,15846,22928,2022-04-21 10:14
ALMIRALL,12.120,-0.57,-0.07,7.26,12.240,12.060,38375,2179,2022-04-21 10:00
AMADEUS IT GROUP,60.040,3.52,2.04,0.67,60.040,57.980,124295,27048,2022-04-21 10:14
ARCELORMITTAL,30.630,2.13,0.64,7.95,30.745,29.950,115335,28725,2022-04-21 10:14
BANCO SABADELL,0.783,1.98,0.02,37.55,0.785,0.771,6048950,4407,2022-04-21 10:14
BANKINTER,5.610,3.93,0.21,25.83,5.620,5.384,1376749,5043,2022-04-21 10:13
BBVA,5.136,0.88,0.05,2.31,5.154,5.108,1411197,34246,2022-04-21 10:14
CAIXABANK,3.134,0.00,0.00,36.16,3.160,3.114,2137240,25262,2022-04-21 10:14
CELLNEX TELECOM,45.930,1.35,0.61,-10.26,45.970,45.000,117199,31202,2022-04-21 10:14
CIE AUTOMOTIVE,20.740,1.17,0.24,-23.18,20.760,20.460,11097,2542,2022-04-21 10:14
COLONIAL,8.285,0.85,0.07,0.42,8.295,8.180,41288,4471,2022-04-21 10:07
ENAGAS,20.930,-0.57,-0.12,2.60,21.080,20.870,73524,5483,2022-04-21 10:12
ENDESA,20.010,0.93,0.18,-0.94,20.070,19.800,81366,21186,2022-04-21 10:14
FERROVIAL,25.580,0.95,0.24,-7.18,25.610,25.340,57589,18766,2022-04-21 10:14
FLUIDRA,25.900,1.49,0.38,-26.42,25.920,25.600,48571,5067,2022-04-21 10:14
GRIFOLS,16.410,0.43,0.07,-2.76,16.410,16.120,234746,6993,2022-04-21 10:14
IAG,1.797,3.63,0.06,5.46,1.810,1.750,10312571,8934,2022-04-21 10:14
IBERDROLA,10.700,0.75,0.08,4.52,10.735,10.580,1034263,68882,2022-04-21 10:14
INDITEX,21.050,0.91,0.19,-26.22,21.120,20.860,390250,65606,2022-04-21 10:14
INDRA,9.525,1.11,0.10,0.05,9.550,9.420,113937,1683,2022-04-21 10:14
MAPFRE,1.944,0.36,0.01,7.67,1.948,1.937,484004,5987,2022-04-21 10:13
MELIÁ HOTELS,7.195,1.41,0.10,19.88,7.215,6.790,368555,1586,2022-04-21 10:13
MERLIN PROP,10.870,0.18,0.02,13.58,10.890,10.800,93017,5106,2022-04-21 10:14
NATURGY,29.270,0.21,0.06,4.38,29.390,29.150,16996,28381,2022-04-21 10:13
PHARMA MAR,76.900,-0.05,-0.04,34.86,77.360,76.200,7218,1411,2022-04-21 10:13
RED ELÉCTRICA,18.980,-0.76,-0.15,1.21,19.155,18.965,129473,10270,2022-04-21 10:14
REPSOL,13.670,0.29,0.04,34.61,13.780,13.650,515950,21433,2022-04-21 10:14
ROVI,64.500,0.86,0.55,-12.60,64.600,63.500,20294,3616,2022-04-21 10:14
SANTANDER,3.215,0.09,0.00,9.34,3.230,3.205,5393420,55750,2022-04-21 10:14
SIEMENS GAMESA,15.920,0.38,0.06,-24.44,16.010,15.610,305171,10844,2022-04-21 10:14
SOLARIA,22.500,2.32,0.51,31.43,22.520,21.680,141570,2811,2022-04-21 10:14
TELEFÓNICA,4.880,-0.10,-0.01,26.69,4.932,4.866,2318281,28202,2022-04-21 10:14
