ACCIONA,192.000,-1.94,-3.80,14.22,196.800,192.000,63552,10532,2022-04-21 13:14
ACERINOX,10.240,1.59,0.16,-10.06,10.250,10.000,496533,2770,2022-04-21 13:11
ACS,25.030,0.44,0.11,8.31,25.150,24.960,201627,7375,2022-04-21 13:14
AENA,153.050,2.14,3.20,10.27,153.400,150.250,29384,22958,2022-04-21 13:14
ALMIRALL,12.060,-1.07,-0.13,6.73,12.250,12.020,132423,2168,2022-04-21 13:13
AMADEUS IT GROUP,60.540,4.38,2.54,1.51,60.660,57.980,257428,27273,2022-04-21 13:14
ARCELORMITTAL,30.910,3.07,0.92,8.93,30.930,29.950,243936,28988,2022-04-21 13:13
BANCO SABADELL,0.797,3.80,0.03,40.01,0.798,0.771,18206658,4486,2022-04-21 13:14
BANKINTER,5.654,4.74,0.26,26.82,5.664,5.384,2554331,5082,2022-04-21 13:14
BBVA,5.167,1.49,0.08,2.93,5.178,5.108,3105725,34453,2022-04-21 13:14
CAIXABANK,3.161,0.86,0.03,37.33,3.168,3.114,4614899,25480,2022-04-21 13:14
CELLNEX TELECOM,45.570,0.55,0.25,-10.96,45.980,45.000,260883,30957,2022-04-21 13:13
CIE AUTOMOTIVE,20.980,2.34,0.48,-22.30,20.980,20.460,120649,2571,2022-04-21 13:13
COLONIAL,8.320,1.28,0.10,0.85,8.360,8.180,136307,4490,2022-04-21 13:13
ENAGAS,20.760,-1.38,-0.29,1.76,21.080,20.720,213125,5439,2022-04-21 13:12
ENDESA,19.940,0.58,0.11,-1.29,20.070,19.800,184065,21112,2022-04-21 13:12
FERROVIAL,25.680,1.34,0.34,-6.82,25.730,25.340,189939,18839,2022-04-21 13:10
FLUIDRA,26.240,2.82,0.72,-25.45,26.260,25.600,106577,5133,2022-04-21 13:14
GRIFOLS,16.725,2.36,0.39,-0.89,16.905,16.120,651573,7127,2022-04-21 13:13
IAG,1.848,6.57,0.11,8.45,1.850,1.750,21008516,9187,2022-04-21 13:14
IBERDROLA,10.615,-0.05,-0.01,3.69,10.735,10.575,2802809,68335,2022-04-21 13:14
INDITEX,21.180,1.53,0.32,-25.76,21.280,20.860,1026842,66011,2022-04-21 13:12
INDRA,9.575,1.65,0.15,0.58,9.610,9.420,218197,1691,2022-04-21 13:10
MAPFRE,1.954,0.88,0.02,8.22,1.958,1.937,1669057,6017,2022-04-21 13:14
MELIÁ HOTELS,7.310,3.03,0.22,21.79,7.310,6.790,683778,1611,2022-04-21 13:14
MERLIN PROP,10.900,0.46,0.05,13.90,10.930,10.800,354388,5121,2022-04-21 13:14
NATURGY,29.020,-0.65,-0.19,3.48,29.390,28.920,62561,28138,2022-04-21 13:10
PHARMA MAR,76.640,-0.39,-0.30,34.41,77.360,76.200,20856,1407,2022-04-21 13:14
RED ELÉCTRICA,18.780,-1.80,-0.34,0.14,19.155,18.660,322537,10161,2022-04-21 13:11
REPSOL,13.655,0.18,0.02,34.47,13.780,13.585,1242473,21410,2022-04-21 13:14
ROVI,64.850,1.41,0.90,-12.13,65.200,63.500,54068,3636,2022-04-21 13:14
SANTANDER,3.207,-0.14,-0.00,9.08,3.230,3.196,13430901,55620,2022-04-21 13:14
SIEMENS GAMESA,15.895,0.22,0.04,-24.56,16.020,15.610,574339,10827,2022-04-21 13:11
SOLARIA,22.100,0.50,0.11,29.09,22.520,21.680,314084,2761,2022-04-21 13:12
TELEFÓNICA,4.915,0.61,0.03,27.60,4.932,4.866,4043098,28404,2022-04-21 13:14
