ACCIONA,192.700,-1.58,-3.10,14.63,196.800,192.000,42953,10571,2022-04-21 11:14
ACERINOX,10.185,1.04,0.11,-10.54,10.190,10.000,328771,2756,2022-04-21 11:13
ACS,24.990,0.28,0.07,8.13,25.150,24.960,129417,7364,2022-04-21 11:14
AENA,153.000,2.10,3.15,10.23,153.300,150.250,19987,22950,2022-04-21 11:12
ALMIRALL,12.170,-0.16,-0.02,7.70,12.240,12.060,43833,2188,2022-04-21 11:03
AMADEUS IT GROUP,60.380,4.10,2.38,1.24,60.540,57.980,177833,27201,2022-04-21 11:14
ARCELORMITTAL,30.760,2.57,0.77,8.41,30.790,29.950,161696,28847,2022-04-21 11:14
BANCO SABADELL,0.791,3.05,0.02,38.99,0.792,0.771,11622842,4453,2022-04-21 11:14
BANKINTER,5.598,3.71,0.20,25.56,5.622,5.384,1791164,5032,2022-04-21 11:14
BBVA,5.171,1.57,0.08,3.01,5.171,5.108,2116228,34480,2022-04-21 11:14
CAIXABANK,3.155,0.67,0.02,37.07,3.160,3.114,3098447,25431,2022-04-21 11:14
CELLNEX TELECOM,45.690,0.82,0.37,-10.73,45.980,45.000,187012,31038,2022-04-21 11:14
CIE AUTOMOTIVE,20.800,1.46,0.30,-22.96,20.820,20.460,65610,2549,2022-04-21 11:07
COLONIAL,8.310,1.16,0.10,0.73,8.320,8.180,62399,4484,2022-04-21 11:10
ENAGAS,20.760,-1.38,-0.29,1.76,21.080,20.740,138438,5439,2022-04-21 11:14
ENDESA,19.955,0.66,0.13,-1.21,20.070,19.800,114504,21127,2022-04-21 11:14
FERROVIAL,25.420,0.32,0.08,-7.76,25.640,25.340,93855,18648,2022-04-21 11:14
FLUIDRA,25.980,1.80,0.46,-26.19,26.020,25.600,62029,5082,2022-04-21 11:14
GRIFOLS,16.545,1.25,0.20,-1.96,16.600,16.120,378456,7050,2022-04-21 11:14
IAG,1.827,5.39,0.09,7.25,1.830,1.750,14533673,9085,2022-04-21 11:14
IBERDROLA,10.600,-0.19,-0.02,3.54,10.735,10.580,1756306,68238,2022-04-21 11:13
INDITEX,21.070,1.01,0.21,-26.15,21.170,20.860,579724,65668,2022-04-21 11:14
INDRA,9.575,1.65,0.15,0.58,9.575,9.420,153269,1691,2022-04-21 11:14
MAPFRE,1.951,0.72,0.01,8.06,1.953,1.937,967801,6008,2022-04-21 11:14
MELIÁ HOTELS,7.260,2.33,0.17,20.96,7.260,6.790,488819,1600,2022-04-21 11:14
MERLIN PROP,10.900,0.46,0.05,13.90,10.910,10.800,255332,5121,2022-04-21 11:10
NATURGY,28.980,-0.79,-0.23,3.34,29.390,28.940,27720,28099,2022-04-21 11:14
PHARMA MAR,76.460,-0.62,-0.48,34.09,77.360,76.200,14947,1403,2022-04-21 11:13
RED ELÉCTRICA,18.715,-2.14,-0.41,-0.20,19.155,18.690,220822,10126,2022-04-21 11:14
REPSOL,13.635,0.04,0.01,34.27,13.780,13.620,737482,21378,2022-04-21 11:14
ROVI,64.450,0.78,0.50,-12.67,64.750,63.500,34121,3614,2022-04-21 11:13
SANTANDER,3.210,-0.06,-0.00,9.17,3.230,3.196,9170785,55663,2022-04-21 11:14
SIEMENS GAMESA,15.695,-1.04,-0.16,-25.51,16.020,15.610,422242,10691,2022-04-21 11:14
SOLARIA,22.010,0.09,0.02,28.56,22.520,21.680,189336,2750,2022-04-21 11:14
TELEFÓNICA,4.898,0.27,0.01,27.15,4.932,4.866,2993453,28306,2022-04-21 11:14
