ACCIONA,191.800,-2.04,-4.00,14.10,196.800,191.700,69550,10522,2022-04-21 14:11
ACERINOX,10.260,1.79,0.18,-9.88,10.290,10.000,672156,2776,2022-04-21 14:14
ACS,25.000,0.32,0.08,8.18,25.150,24.960,228733,7367,2022-04-21 14:14
AENA,152.700,1.90,2.85,10.01,153.400,150.250,33938,22905,2022-04-21 14:13
ALMIRALL,12.070,-0.98,-0.12,6.81,12.250,11.980,163568,2170,2022-04-21 14:08
AMADEUS IT GROUP,60.560,4.41,2.56,1.54,60.660,57.980,269896,27282,2022-04-21 14:13
ARCELORMITTAL,30.905,3.05,0.92,8.92,31.070,29.950,304376,28983,2022-04-21 14:14
BANCO SABADELL,0.798,3.85,0.03,40.08,0.800,0.771,20741920,4488,2022-04-21 14:14
BANKINTER,5.668,5.00,0.27,27.13,5.680,5.384,2827177,5095,2022-04-21 14:13
BBVA,5.163,1.41,0.07,2.85,5.178,5.108,3438786,34426,2022-04-21 14:14
CAIXABANK,3.170,1.15,0.04,37.72,3.174,3.114,5302820,25552,2022-04-21 14:13
CELLNEX TELECOM,45.410,0.20,0.09,-11.27,45.980,45.000,299657,30848,2022-04-21 14:14
CIE AUTOMOTIVE,21.060,2.73,0.56,-22.00,21.060,20.460,126369,2581,2022-04-21 14:06
COLONIAL,8.315,1.22,0.10,0.79,8.360,8.180,161245,4487,2022-04-21 14:14
ENAGAS,20.710,-1.62,-0.34,1.52,21.080,20.710,243106,5426,2022-04-21 14:14
ENDESA,19.895,0.35,0.07,-1.51,20.070,19.800,202106,21064,2022-04-21 14:14
FERROVIAL,25.710,1.46,0.37,-6.71,25.730,25.340,214983,18861,2022-04-21 14:14
FLUIDRA,26.780,4.94,1.26,-23.92,26.900,25.600,160978,5239,2022-04-21 14:14
GRIFOLS,16.670,2.02,0.33,-1.21,16.905,16.120,709410,7104,2022-04-21 14:14
IAG,1.855,6.95,0.12,8.83,1.855,1.750,24024872,9220,2022-04-21 14:14
IBERDROLA,10.590,-0.28,-0.03,3.44,10.735,10.575,3320439,68174,2022-04-21 14:12
INDITEX,21.250,1.87,0.39,-25.52,21.280,20.860,1175276,66229,2022-04-21 14:14
INDRA,9.575,1.65,0.15,0.58,9.610,9.420,235536,1691,2022-04-21 14:05
MAPFRE,1.950,0.67,0.01,8.00,1.958,1.937,1809195,6005,2022-04-21 14:13
MELIÁ HOTELS,7.320,3.17,0.23,21.96,7.325,6.790,751349,1613,2022-04-21 14:14
MERLIN PROP,10.900,0.46,0.05,13.90,10.930,10.800,373460,5121,2022-04-21 14:13
NATURGY,29.040,-0.58,-0.17,3.55,29.390,28.920,75680,28158,2022-04-21 14:14
PHARMA MAR,76.960,0.03,0.02,34.97,77.360,76.200,27892,1413,2022-04-21 14:10
RED ELÉCTRICA,18.725,-2.09,-0.40,-0.15,19.155,18.660,355472,10132,2022-04-21 14:14
REPSOL,13.660,0.22,0.03,34.52,13.780,13.585,1393129,21417,2022-04-21 14:13
ROVI,64.800,1.33,0.85,-12.20,65.200,63.500,58189,3633,2022-04-21 14:13
SANTANDER,3.207,-0.14,-0.00,9.08,3.230,3.196,16023075,55620,2022-04-21 14:14
SIEMENS GAMESA,15.880,0.13,0.02,-24.63,16.020,15.610,661285,10817,2022-04-21 14:14
SOLARIA,22.050,0.27,0.06,28.80,22.520,21.680,336990,2755,2022-04-21 14:14
TELEFÓNICA,4.878,-0.14,-0.01,26.64,4.932,4.866,4629695,28190,2022-04-21 14:14
