ACCIONA,192.400,-1.74,-3.40,14.46,196.800,190.800,89453,10554,2022-04-21 16:13
ACERINOX,10.260,1.79,0.18,-9.88,10.295,10.000,814710,2776,2022-04-21 16:13
ACS,24.950,0.12,0.03,7.96,25.150,24.930,288263,7352,2022-04-21 16:14
AENA,151.550,1.13,1.70,9.19,153.400,150.250,50541,22732,2022-04-21 16:14
ALMIRALL,12.120,-0.57,-0.07,7.26,12.250,11.980,250121,2179,2022-04-21 16:11
AMADEUS IT GROUP,60.460,4.24,2.46,1.37,61.120,57.980,375803,27237,2022-04-21 16:14
ARCELORMITTAL,30.970,3.27,0.98,9.15,31.105,29.950,419794,29044,2022-04-21 16:14
BANCO SABADELL,0.795,3.54,0.03,39.66,0.801,0.771,28569972,4475,2022-04-21 16:14
BANKINTER,5.622,4.15,0.22,26.10,5.682,5.384,3168449,5053,2022-04-21 16:14
BBVA,5.160,1.36,0.07,2.79,5.178,5.108,4656899,34406,2022-04-21 16:14
CAIXABANK,3.160,0.83,0.03,37.29,3.179,3.114,7330412,25472,2022-04-21 16:14
CELLNEX TELECOM,45.540,0.49,0.22,-11.02,45.980,45.000,411757,30937,2022-04-21 16:14
CIE AUTOMOTIVE,21.000,2.44,0.50,-22.22,21.100,20.460,150468,2574,2022-04-21 16:14
COLONIAL,8.280,0.79,0.06,0.36,8.360,8.180,260631,4468,2022-04-21 16:11
ENAGAS,20.690,-1.71,-0.36,1.42,21.080,20.630,331399,5421,2022-04-21 16:12
ENDESA,19.925,0.50,0.10,-1.36,20.070,19.800,285837,21096,2022-04-21 16:14
FERROVIAL,25.570,0.91,0.23,-7.22,25.740,25.340,324530,18758,2022-04-21 16:13
FLUIDRA,26.640,4.39,1.12,-24.32,26.900,25.600,204220,5212,2022-04-21 16:13
GRIFOLS,16.605,1.62,0.26,-1.60,16.905,16.120,953987,7076,2022-04-21 16:14
IAG,1.853,6.86,0.12,8.74,1.868,1.750,30498636,9212,2022-04-21 16:14
IBERDROLA,10.535,-0.80,-0.09,2.91,10.735,10.535,4132541,67820,2022-04-21 16:13
INDITEX,21.090,1.10,0.23,-26.08,21.280,20.860,1468041,65730,2022-04-21 16:14
INDRA,9.485,0.69,0.06,-0.37,9.610,9.420,309998,1676,2022-04-21 16:11
MAPFRE,1.949,0.62,0.01,7.95,1.958,1.937,2048714,6002,2022-04-21 16:13
MELIÁ HOTELS,7.275,2.54,0.18,21.21,7.380,6.790,1026311,1603,2022-04-21 16:14
MERLIN PROP,10.900,0.46,0.05,13.90,10.930,10.800,428183,5121,2022-04-21 16:04
NATURGY,29.030,-0.62,-0.18,3.52,29.390,28.920,97633,28148,2022-04-21 16:14
PHARMA MAR,76.340,-0.78,-0.60,33.88,77.360,76.200,35072,1401,2022-04-21 16:14
RED ELÉCTRICA,18.690,-2.27,-0.43,-0.34,19.155,18.660,498470,10113,2022-04-21 16:14
REPSOL,13.740,0.81,0.11,35.30,13.780,13.585,1860595,21543,2022-04-21 16:14
ROVI,64.550,0.94,0.60,-12.53,65.200,63.500,77139,3619,2022-04-21 16:14
SANTANDER,3.224,0.39,0.01,9.66,3.230,3.196,20663772,55915,2022-04-21 16:15
SIEMENS GAMESA,15.840,-0.13,-0.02,-24.82,16.020,15.610,942254,10789,2022-04-21 16:14
SOLARIA,21.630,-1.64,-0.36,26.34,22.520,21.630,422685,2703,2022-04-21 16:14
TELEFÓNICA,4.870,-0.31,-0.02,26.43,4.932,4.854,6072910,28144,2022-04-21 16:15
