ACCIONA,192.300,-1.79,-3.50,14.40,196.800,190.800,79637,10549,2022-04-21 15:14
ACERINOX,10.265,1.84,0.19,-9.84,10.290,10.000,733041,2777,2022-04-21 15:13
ACS,25.000,0.32,0.08,8.18,25.150,24.960,240643,7367,2022-04-21 15:13
AENA,152.250,1.60,2.40,9.69,153.400,150.250,40258,22838,2022-04-21 15:14
ALMIRALL,12.070,-0.98,-0.12,6.81,12.250,11.980,188716,2170,2022-04-21 15:12
AMADEUS IT GROUP,60.620,4.52,2.62,1.64,60.660,57.980,305038,27309,2022-04-21 15:14
ARCELORMITTAL,30.790,2.67,0.80,8.51,31.070,29.950,338273,28875,2022-04-21 15:11
BANCO SABADELL,0.796,3.70,0.03,39.87,0.801,0.771,26015148,4481,2022-04-21 15:14
BANKINTER,5.638,4.45,0.24,26.46,5.682,5.384,3019456,5068,2022-04-21 15:14
BBVA,5.164,1.43,0.07,2.87,5.178,5.108,3922502,34433,2022-04-21 15:12
CAIXABANK,3.168,1.08,0.03,37.64,3.179,3.114,6193267,25536,2022-04-21 15:14
CELLNEX TELECOM,45.390,0.15,0.07,-11.31,45.980,45.000,330114,30835,2022-04-21 15:13
CIE AUTOMOTIVE,21.020,2.54,0.52,-22.15,21.100,20.460,138629,2576,2022-04-21 15:13
COLONIAL,8.315,1.22,0.10,0.79,8.360,8.180,202264,4487,2022-04-21 15:11
ENAGAS,20.680,-1.76,-0.37,1.37,21.080,20.670,276038,5418,2022-04-21 15:13
ENDESA,19.935,0.55,0.11,-1.31,20.070,19.800,240692,21106,2022-04-21 15:14
FERROVIAL,25.700,1.42,0.36,-6.75,25.740,25.340,277717,18854,2022-04-21 15:14
FLUIDRA,26.880,5.33,1.36,-23.64,26.900,25.600,185976,5259,2022-04-21 15:14
GRIFOLS,16.630,1.77,0.29,-1.45,16.905,16.120,789150,7087,2022-04-21 15:13
IAG,1.863,7.44,0.13,9.33,1.868,1.750,27491796,9262,2022-04-21 15:14
IBERDROLA,10.570,-0.47,-0.05,3.25,10.735,10.570,3699328,68045,2022-04-21 15:14
INDITEX,21.150,1.39,0.29,-25.87,21.280,20.860,1267053,65917,2022-04-21 15:14
INDRA,9.520,1.06,0.10,0.00,9.610,9.420,260205,1682,2022-04-21 15:10
MAPFRE,1.950,0.67,0.01,8.00,1.958,1.937,1930377,6005,2022-04-21 15:13
MELIÁ HOTELS,7.355,3.66,0.26,22.54,7.360,6.790,902450,1621,2022-04-21 15:11
MERLIN PROP,10.890,0.37,0.04,13.79,10.930,10.800,417728,5116,2022-04-21 15:09
NATURGY,28.990,-0.75,-0.22,3.38,29.390,28.920,84622,28109,2022-04-21 15:14
PHARMA MAR,76.700,-0.31,-0.24,34.51,77.360,76.200,28654,1408,2022-04-21 15:13
RED ELÉCTRICA,18.710,-2.17,-0.42,-0.23,19.155,18.660,429189,10124,2022-04-21 15:14
REPSOL,13.685,0.40,0.06,34.76,13.780,13.585,1538820,21457,2022-04-21 15:14
ROVI,64.850,1.41,0.90,-12.13,65.200,63.500,65610,3636,2022-04-21 15:13
SANTANDER,3.217,0.14,0.00,9.39,3.230,3.196,17472940,55776,2022-04-21 15:14
SIEMENS GAMESA,15.910,0.32,0.05,-24.49,16.020,15.610,756516,10837,2022-04-21 15:14
SOLARIA,21.730,-1.18,-0.26,26.93,22.520,21.680,367498,2715,2022-04-21 15:12
TELEFÓNICA,4.859,-0.53,-0.03,26.14,4.932,4.859,5192900,28080,2022-04-21 15:14
