ACCIONA,191.400,-2.25,-4.40,13.86,196.800,190.800,150653,10500,2022-04-21 18:00
ACERINOX,10.235,1.54,0.15,-10.10,10.295,10.000,1037481,2769,2022-04-21 18:00
ACS,24.970,0.20,0.05,8.05,25.150,24.860,674302,7358,2022-04-21 18:00
AENA,150.950,0.73,1.10,8.75,153.400,150.250,139360,22642,2022-04-21 18:00
ALMIRALL,12.090,-0.82,-0.10,6.99,12.250,11.980,368854,2174,2022-04-21 18:00
AMADEUS IT GROUP,60.200,3.79,2.20,0.94,61.120,57.980,794862,27120,2022-04-21 18:00
ARCELORMITTAL,30.800,2.70,0.81,8.55,31.105,29.950,475976,28885,2022-04-21 18:00
BANCO SABADELL,0.802,4.37,0.03,40.78,0.802,0.771,41120788,4511,2022-04-21 18:00
BANKINTER,5.602,3.78,0.20,25.65,5.682,5.384,4077266,5035,2022-04-21 18:00
BBVA,5.152,1.20,0.06,2.63,5.178,5.108,11775977,34353,2022-04-21 18:00
CAIXABANK,3.131,-0.10,-0.00,36.03,3.179,3.114,15078729,25238,2022-04-21 18:00
CELLNEX TELECOM,45.580,0.57,0.26,-10.94,45.980,45.000,884126,30964,2022-04-21 18:00
CIE AUTOMOTIVE,20.980,2.34,0.48,-22.30,21.100,20.460,217849,2571,2022-04-21 18:00
COLONIAL,8.290,0.91,0.07,0.48,8.360,8.180,569587,4473,2022-04-21 18:00
ENAGAS,20.510,-2.57,-0.54,0.54,21.080,20.420,1346516,5373,2022-04-21 18:00
ENDESA,19.860,0.18,0.03,-1.68,20.070,19.800,904879,21027,2022-04-21 18:00
FERROVIAL,25.560,0.87,0.22,-7.26,25.740,25.340,908021,18751,2022-04-21 18:00
FLUIDRA,26.640,4.39,1.12,-24.32,26.900,25.600,332605,5212,2022-04-21 18:00
GRIFOLS,16.660,1.96,0.32,-1.27,16.905,16.120,1576644,7099,2022-04-21 18:00
IAG,1.842,6.26,0.11,8.13,1.868,1.750,37518864,9160,2022-04-21 18:00
IBERDROLA,10.520,-0.94,-0.10,2.76,10.735,10.450,11361792,67723,2022-04-21 18:00
INDITEX,21.090,1.10,0.23,-26.08,21.280,20.860,3212395,65730,2022-04-21 18:00
INDRA,9.420,0.00,0.00,-1.05,9.610,9.420,427593,1664,2022-04-21 18:00
MAPFRE,1.940,0.15,0.00,7.45,1.958,1.937,3289216,5974,2022-04-21 18:00
MELIÁ HOTELS,7.240,2.04,0.14,20.63,7.380,6.790,1301325,1596,2022-04-21 18:00
MERLIN PROP,10.850,0.00,0.00,13.38,10.930,10.800,1179581,5097,2022-04-21 18:00
NATURGY,28.940,-0.92,-0.27,3.20,29.390,28.800,385262,28061,2022-04-21 18:00
PHARMA MAR,76.380,-0.73,-0.56,33.95,77.360,76.200,48189,1402,2022-04-21 18:00
RED ELÉCTRICA,18.470,-3.42,-0.66,-1.51,19.155,18.445,2203448,9994,2022-04-21 18:00
REPSOL,13.675,0.33,0.05,34.66,13.790,13.585,4367551,21441,2022-04-21 18:00
ROVI,65.000,1.64,1.05,-11.92,65.200,63.500,105026,3644,2022-04-21 18:00
SANTANDER,3.230,0.56,0.02,9.85,3.232,3.196,42785500,56010,2022-04-21 18:00
SIEMENS GAMESA,15.700,-1.01,-0.16,-25.49,16.020,15.610,1783828,10694,2022-04-21 18:00
SOLARIA,21.510,-2.18,-0.48,25.64,22.520,21.500,642799,2688,2022-04-21 18:00
TELEFÓNICA,4.839,-0.94,-0.05,25.62,4.932,4.834,15076988,27965,2022-04-21 18:00
