ACCIONA,193.300,-1.28,-2.50,14.99,196.800,192.000,50089,10604,2022-04-21 12:09
ACERINOX,10.210,1.29,0.13,-10.32,10.220,10.000,424633,2762,2022-04-21 12:11
ACS,24.990,0.28,0.07,8.13,25.150,24.960,165458,7364,2022-04-21 12:13
AENA,152.600,1.84,2.75,9.94,153.300,150.250,22760,22890,2022-04-21 12:14
ALMIRALL,12.180,-0.08,-0.01,7.79,12.240,12.060,55797,2190,2022-04-21 12:11
AMADEUS IT GROUP,60.280,3.93,2.28,1.07,60.660,57.980,216307,27156,2022-04-21 12:13
ARCELORMITTAL,30.895,3.02,0.91,8.88,30.895,29.950,205025,28974,2022-04-21 12:13
BANCO SABADELL,0.796,3.59,0.03,39.73,0.796,0.771,15297944,4477,2022-04-21 12:14
BANKINTER,5.626,4.22,0.23,26.19,5.626,5.384,2089810,5057,2022-04-21 12:14
BBVA,5.162,1.39,0.07,2.83,5.178,5.108,2651766,34420,2022-04-21 12:14
CAIXABANK,3.150,0.51,0.02,36.86,3.160,3.114,3715207,25391,2022-04-21 12:14
CELLNEX TELECOM,45.610,0.64,0.29,-10.88,45.980,45.000,222651,30984,2022-04-21 12:13
CIE AUTOMOTIVE,20.880,1.85,0.38,-22.67,20.880,20.460,92848,2559,2022-04-21 12:14
COLONIAL,8.335,1.46,0.12,1.03,8.335,8.180,89718,4498,2022-04-21 12:14
ENAGAS,20.730,-1.52,-0.32,1.62,21.080,20.720,183098,5431,2022-04-21 12:14
ENDESA,19.895,0.35,0.07,-1.51,20.070,19.800,141759,21064,2022-04-21 12:12
FERROVIAL,25.680,1.34,0.34,-6.82,25.710,25.340,148481,18839,2022-04-21 12:12
FLUIDRA,26.160,2.51,0.64,-25.68,26.180,25.600,82358,5118,2022-04-21 12:14
GRIFOLS,16.885,3.34,0.55,0.06,16.905,16.120,535554,7195,2022-04-21 12:14
IAG,1.840,6.11,0.11,7.98,1.844,1.750,18188248,9148,2022-04-21 12:14
IBERDROLA,10.590,-0.28,-0.03,3.44,10.735,10.580,2307306,68174,2022-04-21 12:14
INDITEX,21.160,1.44,0.30,-25.83,21.190,20.860,728973,65948,2022-04-21 12:14
INDRA,9.580,1.70,0.16,0.63,9.580,9.420,170431,1692,2022-04-21 12:06
MAPFRE,1.953,0.83,0.02,8.17,1.957,1.937,1194400,6014,2022-04-21 12:14
MELIÁ HOTELS,7.260,2.33,0.17,20.96,7.275,6.790,566312,1600,2022-04-21 12:12
MERLIN PROP,10.890,0.37,0.04,13.79,10.910,10.800,284846,5116,2022-04-21 12:05
NATURGY,28.960,-0.86,-0.25,3.27,29.390,28.930,36963,28080,2022-04-21 12:14
PHARMA MAR,76.680,-0.34,-0.26,34.48,77.360,76.200,17781,1407,2022-04-21 12:09
RED ELÉCTRICA,18.740,-2.01,-0.39,-0.07,19.155,18.660,285589,10140,2022-04-21 12:14
REPSOL,13.615,-0.11,-0.02,34.07,13.780,13.605,983099,21347,2022-04-21 12:12
ROVI,64.750,1.25,0.80,-12.26,64.800,63.500,43124,3630,2022-04-21 12:13
SANTANDER,3.210,-0.08,-0.00,9.15,3.230,3.196,11097901,55655,2022-04-21 12:14
SIEMENS GAMESA,15.805,-0.35,-0.05,-24.99,16.020,15.610,504709,10765,2022-04-21 12:14
SOLARIA,21.990,0.00,0.00,28.45,22.520,21.680,234160,2748,2022-04-21 12:14
TELEFÓNICA,4.909,0.49,0.02,27.44,4.932,4.866,3463479,28369,2022-04-21 12:14
