ACCIONA,195.400,-0.20,-0.40,16.24,196.800,195.200,3134,10719,2022-04-21 09:14
ACERINOX,10.080,0.00,0.00,-11.46,10.130,10.000,83469,2727,2022-04-21 09:13
ACS,24.990,0.28,0.07,8.13,25.150,24.960,52124,7364,2022-04-21 09:14
AENA,152.050,1.47,2.20,9.55,153.000,150.250,9228,22808,2022-04-21 09:14
ALMIRALL,12.100,-0.74,-0.09,7.08,12.240,12.060,16231,2175,2022-04-21 09:11
AMADEUS IT GROUP,58.780,1.34,0.78,-1.44,58.940,57.980,33731,26480,2022-04-21 09:13
ARCELORMITTAL,30.440,1.50,0.45,7.28,30.440,29.950,49998,28547,2022-04-21 09:14
BANCO SABADELL,0.773,0.65,0.00,35.76,0.780,0.771,2383640,4350,2022-04-21 09:13
BANKINTER,5.408,0.19,0.01,21.30,5.430,5.384,145975,4861,2022-04-21 09:14
BBVA,5.120,0.57,0.03,1.99,5.133,5.108,518972,34140,2022-04-21 09:14
CAIXABANK,3.136,0.06,0.00,36.25,3.160,3.114,680292,25278,2022-04-21 09:14
CELLNEX TELECOM,45.170,-0.33,-0.15,-11.74,45.300,45.000,27527,30685,2022-04-21 09:13
CIE AUTOMOTIVE,20.560,0.29,0.06,-23.85,20.560,20.460,1748,2520,2022-04-21 09:09
COLONIAL,8.215,0.00,0.00,-0.42,8.240,8.180,7325,4433,2022-04-21 09:14
ENAGAS,20.880,-0.81,-0.17,2.35,21.080,20.880,31071,5470,2022-04-21 09:14
ENDESA,19.865,0.20,0.04,-1.66,19.880,19.800,18614,21032,2022-04-21 09:14
FERROVIAL,25.520,0.71,0.18,-7.40,25.560,25.340,16914,18722,2022-04-21 09:14
FLUIDRA,25.680,0.63,0.16,-27.05,25.780,25.600,14762,5024,2022-04-21 09:07
GRIFOLS,16.265,-0.46,-0.08,-3.61,16.390,16.120,89326,6931,2022-04-21 09:14
IAG,1.800,3.81,0.07,5.63,1.804,1.750,4600632,8949,2022-04-21 09:14
IBERDROLA,10.600,-0.19,-0.02,3.54,10.645,10.580,287537,68238,2022-04-21 09:14
INDITEX,21.010,0.72,0.15,-26.36,21.040,20.860,121252,65481,2022-04-21 09:14
INDRA,9.510,0.96,0.09,-0.11,9.515,9.420,25313,1680,2022-04-21 09:11
MAPFRE,1.945,0.41,0.01,7.73,1.948,1.938,263938,5990,2022-04-21 09:14
MELIÁ HOTELS,7.110,0.21,0.02,18.46,7.140,6.790,187053,1567,2022-04-21 09:12
MERLIN PROP,10.850,0.00,0.00,13.38,10.890,10.800,35769,5097,2022-04-21 09:09
NATURGY,29.350,0.48,0.14,4.66,29.390,29.190,8408,28458,2022-04-21 09:13
PHARMA MAR,76.820,-0.16,-0.12,34.72,77.360,76.760,1696,1410,2022-04-21 09:14
RED ELÉCTRICA,19.025,-0.52,-0.10,1.45,19.155,19.025,20647,10294,2022-04-21 09:14
REPSOL,13.725,0.70,0.10,35.16,13.780,13.650,237441,21519,2022-04-21 09:14
ROVI,64.000,0.08,0.05,-13.28,64.300,63.500,6022,3588,2022-04-21 09:14
SANTANDER,3.207,-0.17,-0.01,9.05,3.225,3.205,1946156,55603,2022-04-21 09:14
SIEMENS GAMESA,15.840,-0.13,-0.02,-24.82,15.920,15.610,83089,10789,2022-04-21 09:14
SOLARIA,21.820,-0.77,-0.17,27.45,21.900,21.680,33437,2726,2022-04-21 09:14
TELEFÓNICA,4.909,0.49,0.02,27.44,4.932,4.866,1251458,28369,2022-04-21 09:14
