ACCIONA,192.400,0.52,1.00,14.46,192.700,189.300,14828,10554,2022-04-22 10:12
ACERINOX,10.160,-0.73,-0.07,-10.76,10.190,10.020,301518,2749,2022-04-22 10:13
ACS,24.850,-0.48,-0.12,7.53,24.920,24.620,74180,7322,2022-04-22 10:13
AENA,150.550,-0.26,-0.40,8.47,152.250,148.450,14612,22582,2022-04-22 10:14
ALMIRALL,12.010,-0.66,-0.08,6.28,12.100,11.880,74718,2159,2022-04-22 10:13
AMADEUS IT GROUP,59.860,-0.56,-0.34,0.37,60.560,59.100,91333,26967,2022-04-22 10:11
ARCELORMITTAL,30.350,-1.46,-0.45,6.96,30.495,29.960,169573,28463,2022-04-22 10:14
BANCO SABADELL,0.816,1.80,0.01,43.31,0.820,0.790,11222861,4592,2022-04-22 10:13
BANKINTER,5.718,2.07,0.12,28.26,5.766,5.638,1312754,5140,2022-04-22 10:14
BBVA,5.160,0.16,0.01,2.79,5.168,5.096,2386205,33884,2022-04-22 10:13
CAIXABANK,3.153,0.70,0.02,36.99,3.170,3.089,2081027,25415,2022-04-22 10:13
CELLNEX TELECOM,45.110,-1.03,-0.47,-11.86,45.700,44.860,114511,30644,2022-04-22 10:13
CIE AUTOMOTIVE,20.760,-1.05,-0.22,-23.11,20.820,20.600,37706,2544,2022-04-22 10:01
COLONIAL,8.175,-1.39,-0.11,-0.91,8.245,8.170,68690,4411,2022-04-22 10:13
ENAGAS,20.510,0.00,0.00,0.54,20.550,20.220,178875,5373,2022-04-22 10:13
ENDESA,19.865,0.03,0.00,-1.66,19.915,19.525,79316,21032,2022-04-22 10:13
FERROVIAL,25.060,-1.96,-0.50,-9.07,25.190,24.670,138457,18384,2022-04-22 10:13
FLUIDRA,26.240,-1.50,-0.40,-25.45,26.300,25.920,78611,5133,2022-04-22 10:08
GRIFOLS,16.790,0.78,0.13,-0.50,16.880,16.205,232407,7155,2022-04-22 10:13
IAG,1.819,-1.28,-0.02,6.75,1.854,1.802,5212938,9043,2022-04-22 10:13
IBERDROLA,10.510,-0.10,-0.01,2.66,10.545,10.375,1420050,67659,2022-04-22 10:14
INDITEX,20.770,-1.52,-0.32,-27.20,20.900,20.610,828852,64733,2022-04-22 10:13
INDRA,9.110,-3.29,-0.31,-4.31,9.240,9.085,383246,1609,2022-04-22 10:12
MAPFRE,1.929,-0.57,-0.01,6.84,1.936,1.920,267987,5940,2022-04-22 10:11
MELIÁ HOTELS,7.220,-0.28,-0.02,20.29,7.230,7.005,169936,1591,2022-04-22 10:11
MERLIN PROP,10.760,-0.83,-0.09,12.43,10.760,10.650,105454,5055,2022-04-22 10:13
NATURGY,28.930,-0.03,-0.01,3.16,28.990,28.500,28184,28051,2022-04-22 10:12
PHARMA MAR,76.500,0.16,0.12,34.16,77.120,76.160,10138,1404,2022-04-22 10:13
RED ELÉCTRICA,18.570,0.54,0.10,-0.98,18.730,18.485,282296,10048,2022-04-22 10:12
REPSOL,13.320,-2.60,-0.36,31.17,13.535,12.730,1625549,20884,2022-04-22 10:14
ROVI,64.450,-0.85,-0.55,-12.67,64.800,64.000,14353,3614,2022-04-22 10:12
SANTANDER,3.236,0.19,0.01,10.05,3.240,3.180,5596739,56114,2022-04-22 10:14
SIEMENS GAMESA,15.225,-3.03,-0.47,-27.74,15.750,15.225,400714,10370,2022-04-22 10:14
SOLARIA,21.550,0.19,0.04,25.88,21.740,21.090,112068,2693,2022-04-22 10:13
TELEFÓNICA,4.867,0.58,0.03,26.35,4.867,4.777,2177150,28127,2022-04-22 10:13
ACCIONA,191.100,-0.16,-0.30,13.68,192.800,189.300,18828,10483,2022-04-22 11:15
ACERINOX,10.105,-1.27,-0.13,-11.24,10.190,10.020,387194,2734,2022-04-22 11:16
ACS,24.810,-0.64,-0.16,7.35,24.920,24.620,114248,7311,2022-04-22 11:16
AENA,149.850,-0.73,-1.10,7.96,152.250,148.450,20798,22478,2022-04-22 11:15
ALMIRALL,12.040,-0.41,-0.05,6.55,12.100,11.880,100020,2165,2022-04-22 11:14
AMADEUS IT GROUP,60.040,-0.27,-0.16,0.67,60.560,59.100,132186,27048,2022-04-22 11:15
ARCELORMITTAL,30.220,-1.88,-0.58,6.50,30.495,29.960,220393,28341,2022-04-22 11:16
BANCO SABADELL,0.803,0.12,0.00,40.96,0.820,0.790,15628785,4516,2022-04-22 11:16
BANKINTER,5.680,1.39,0.08,27.40,5.766,5.638,1546996,5106,2022-04-22 11:16
BBVA,5.105,-0.91,-0.05,1.69,5.168,5.093,3558253,34040,2022-04-22 11:16
CAIXABANK,3.116,-0.48,-0.02,35.38,3.170,3.089,2681280,25117,2022-04-22 11:15
CELLNEX TELECOM,45.540,-0.09,-0.04,-11.02,45.700,44.860,151543,30937,2022-04-22 11:16
CIE AUTOMOTIVE,20.700,-1.33,-0.28,-23.33,20.820,20.600,54643,2537,2022-04-22 11:02
COLONIAL,8.175,-1.39,-0.11,-0.91,8.245,8.170,98800,4411,2022-04-22 11:09
ENAGAS,20.470,-0.20,-0.04,0.34,20.570,20.220,215066,5363,2022-04-22 11:14
ENDESA,19.865,0.03,0.00,-1.66,19.940,19.525,117300,21032,2022-04-22 11:15
FERROVIAL,24.880,-2.66,-0.68,-9.72,25.190,24.670,180157,18252,2022-04-22 11:14
FLUIDRA,26.260,-1.43,-0.38,-25.40,26.300,25.920,96576,5137,2022-04-22 11:10
GRIFOLS,16.720,0.36,0.06,-0.92,16.930,16.205,338351,7125,2022-04-22 11:13
IAG,1.799,-2.36,-0.04,5.58,1.854,1.793,8505000,8944,2022-04-22 11:16
IBERDROLA,10.550,0.29,0.03,3.05,10.590,10.375,1922933,67916,2022-04-22 11:15
INDITEX,20.860,-1.09,-0.23,-26.88,20.920,20.610,1025626,65013,2022-04-22 11:16
INDRA,9.265,-1.65,-0.15,-2.68,9.265,9.085,474329,1637,2022-04-22 11:15
MAPFRE,1.933,-0.36,-0.01,7.06,1.944,1.920,752037,5953,2022-04-22 11:16
MELIÁ HOTELS,7.185,-0.76,-0.05,19.71,7.230,7.005,212165,1584,2022-04-22 11:14
MERLIN PROP,10.810,-0.37,-0.04,12.96,10.820,10.650,166429,5078,2022-04-22 11:09
NATURGY,28.770,-0.59,-0.17,2.59,28.990,28.500,33735,27896,2022-04-22 11:14
PHARMA MAR,76.900,0.68,0.52,34.86,77.120,76.160,14504,1411,2022-04-22 11:16
RED ELÉCTRICA,18.535,0.35,0.07,-1.16,18.730,18.485,336399,10029,2022-04-22 11:15
REPSOL,13.335,-2.49,-0.34,31.31,13.535,12.730,2334446,20908,2022-04-22 11:16
ROVI,63.950,-1.62,-1.05,-13.35,64.800,63.950,25760,3586,2022-04-22 11:16
SANTANDER,3.206,-0.74,-0.02,9.03,3.240,3.180,7499419,55594,2022-04-22 11:16
SIEMENS GAMESA,15.225,-3.03,-0.47,-27.74,15.750,15.180,521547,10370,2022-04-22 11:15
SOLARIA,21.650,0.65,0.14,26.46,21.800,21.090,159981,2705,2022-04-22 11:15
TELEFÓNICA,4.877,0.79,0.04,26.61,4.877,4.777,3068937,28184,2022-04-22 11:16
ACCIONA,190.600,-0.42,-0.80,13.38,192.800,189.300,26862,10456,2022-04-22 12:12
ACERINOX,10.045,-1.86,-0.19,-11.77,10.190,10.020,453020,2718,2022-04-22 12:12
ACS,24.710,-1.04,-0.26,6.92,24.920,24.620,137624,7281,2022-04-22 12:13
AENA,149.500,-0.96,-1.45,7.71,152.250,148.450,26515,22425,2022-04-22 12:13
ALMIRALL,11.990,-0.83,-0.10,6.11,12.100,11.880,111275,2156,2022-04-22 12:11
AMADEUS IT GROUP,59.380,-1.36,-0.82,-0.44,60.560,59.100,160462,26751,2022-04-22 12:12
ARCELORMITTAL,29.895,-2.94,-0.90,5.36,30.495,29.850,304469,28036,2022-04-22 12:13
BANCO SABADELL,0.791,-1.32,-0.01,38.92,0.820,0.788,20104784,4451,2022-04-22 12:13
BANKINTER,5.654,0.93,0.05,26.82,5.766,5.638,1800424,5082,2022-04-22 12:14
BBVA,5.075,-1.49,-0.08,1.10,5.168,5.060,5099831,33840,2022-04-22 12:14
CAIXABANK,3.090,-1.31,-0.04,34.25,3.170,3.083,3358800,24907,2022-04-22 12:13
CELLNEX TELECOM,45.540,-0.09,-0.04,-11.02,45.710,44.860,200276,30937,2022-04-22 12:13
CIE AUTOMOTIVE,20.480,-2.38,-0.50,-24.15,20.820,20.460,90527,2510,2022-04-22 12:09
COLONIAL,8.160,-1.57,-0.13,-1.09,8.245,8.150,165167,4403,2022-04-22 12:12
ENAGAS,20.490,-0.10,-0.02,0.44,20.570,20.220,240710,5368,2022-04-22 12:14
ENDESA,19.860,0.00,0.00,-1.68,19.940,19.525,150579,21027,2022-04-22 12:12
FERROVIAL,24.730,-3.25,-0.83,-10.27,25.190,24.540,295833,18142,2022-04-22 12:13
FLUIDRA,26.020,-2.33,-0.62,-26.08,26.300,25.920,101225,5090,2022-04-22 12:13
GRIFOLS,16.480,-1.08,-0.18,-2.34,16.930,16.205,406232,7023,2022-04-22 12:14
IAG,1.789,-2.88,-0.05,5.02,1.854,1.788,10465051,8896,2022-04-22 12:14
IBERDROLA,10.485,-0.33,-0.04,2.42,10.590,10.375,2420985,67498,2022-04-22 12:14
INDITEX,20.700,-1.85,-0.39,-27.44,20.920,20.610,1311223,64515,2022-04-22 12:13
INDRA,9.280,-1.49,-0.14,-2.52,9.320,9.085,529119,1639,2022-04-22 12:12
MAPFRE,1.926,-0.72,-0.01,6.67,1.944,1.920,1352048,5931,2022-04-22 12:12
MELIÁ HOTELS,7.170,-0.97,-0.07,19.46,7.230,7.005,238585,1580,2022-04-22 12:11
MERLIN PROP,10.840,-0.09,-0.01,13.27,10.860,10.650,237795,5092,2022-04-22 12:13
NATURGY,28.940,0.00,0.00,3.20,28.990,28.500,41056,28061,2022-04-22 12:12
PHARMA MAR,76.780,0.52,0.40,34.65,77.120,76.160,19484,1409,2022-04-22 12:13
RED ELÉCTRICA,18.510,0.22,0.04,-1.30,18.730,18.450,475750,10015,2022-04-22 12:13
REPSOL,13.340,-2.45,-0.34,31.36,13.535,12.730,2703785,20916,2022-04-22 12:14
ROVI,63.600,-2.15,-1.40,-13.82,64.800,63.400,32976,3566,2022-04-22 12:12
SANTANDER,3.188,-1.32,-0.04,8.40,3.240,3.180,11827609,55273,2022-04-22 12:13
SIEMENS GAMESA,15.215,-3.09,-0.48,-27.79,15.750,15.180,617258,10364,2022-04-22 12:14
SOLARIA,21.700,0.88,0.19,26.75,21.800,21.090,199321,2711,2022-04-22 12:13
TELEFÓNICA,4.883,0.91,0.04,26.77,4.900,4.777,4022988,28219,2022-04-22 12:13
ACCIONA,191.400,0.00,0.00,13.86,192.800,189.300,35847,10500,2022-04-22 13:15
ACERINOX,10.020,-2.10,-0.21,-11.99,10.190,10.015,552618,2711,2022-04-22 13:14
ACS,24.730,-0.96,-0.24,7.01,24.920,24.620,167037,7287,2022-04-22 13:15
AENA,149.700,-0.83,-1.25,7.85,152.250,148.450,28613,22455,2022-04-22 13:11
ALMIRALL,11.940,-1.24,-0.15,5.66,12.100,11.880,117071,2147,2022-04-22 13:11
AMADEUS IT GROUP,59.480,-1.20,-0.72,-0.27,60.560,59.100,174920,26796,2022-04-22 13:14
ARCELORMITTAL,29.900,-2.92,-0.90,5.37,30.495,29.800,350694,28041,2022-04-22 13:16
BANCO SABADELL,0.793,-1.05,-0.01,39.30,0.820,0.788,21271292,4463,2022-04-22 13:15
BANKINTER,5.660,1.04,0.06,26.95,5.766,5.638,1888268,5088,2022-04-22 13:16
BBVA,5.076,-1.48,-0.08,1.12,5.168,5.060,5583167,33846,2022-04-22 13:15
CAIXABANK,3.094,-1.18,-0.04,34.42,3.170,3.083,3797014,24940,2022-04-22 13:15
CELLNEX TELECOM,45.500,-0.18,-0.08,-11.10,45.710,44.860,230143,30909,2022-04-22 13:14
CIE AUTOMOTIVE,20.440,-2.57,-0.54,-24.30,20.820,20.340,114630,2505,2022-04-22 13:13
COLONIAL,8.165,-1.51,-0.12,-1.03,8.245,8.125,214777,4406,2022-04-22 13:14
ENAGAS,20.510,0.00,0.00,0.54,20.570,20.220,281075,5373,2022-04-22 13:16
ENDESA,19.890,0.15,0.03,-1.53,19.940,19.525,188504,21059,2022-04-22 13:15
FERROVIAL,24.710,-3.33,-0.85,-10.34,25.190,24.540,324436,18127,2022-04-22 13:15
FLUIDRA,26.200,-1.65,-0.44,-25.57,26.300,25.920,120736,5125,2022-04-22 13:13
GRIFOLS,16.435,-1.35,-0.23,-2.61,16.930,16.205,485919,7003,2022-04-22 13:13
IAG,1.803,-2.14,-0.04,5.81,1.854,1.788,11355167,8964,2022-04-22 13:15
IBERDROLA,10.540,0.19,0.02,2.96,10.590,10.375,2972791,67852,2022-04-22 13:15
INDITEX,20.720,-1.75,-0.37,-27.37,20.920,20.610,1472495,64577,2022-04-22 13:16
INDRA,9.270,-1.59,-0.15,-2.63,9.320,9.085,572282,1638,2022-04-22 13:14
MAPFRE,1.925,-0.77,-0.02,6.62,1.944,1.920,1471483,5928,2022-04-22 13:16
MELIÁ HOTELS,7.160,-1.10,-0.08,19.29,7.230,7.005,259245,1578,2022-04-22 13:14
MERLIN PROP,10.910,0.55,0.06,14.00,10.920,10.650,353057,5125,2022-04-22 13:14
NATURGY,29.010,0.24,0.07,3.45,29.030,28.500,60428,28128,2022-04-22 13:14
PHARMA MAR,76.780,0.52,0.40,34.65,77.120,76.160,21204,1409,2022-04-22 13:16
RED ELÉCTRICA,18.620,0.81,0.15,-0.71,18.730,18.450,518718,10075,2022-04-22 13:15
REPSOL,13.380,-2.16,-0.30,31.76,13.535,12.730,2908422,20978,2022-04-22 13:16
ROVI,63.350,-2.54,-1.65,-14.16,64.800,63.350,39282,3552,2022-04-22 13:15
SANTANDER,3.191,-1.21,-0.04,8.52,3.240,3.180,13468101,55334,2022-04-22 13:15
SIEMENS GAMESA,15.230,-2.99,-0.47,-27.72,15.750,15.180,714241,10374,2022-04-22 13:16
SOLARIA,21.810,1.39,0.30,27.39,21.810,21.090,245836,2725,2022-04-22 13:16
TELEFÓNICA,4.885,0.95,0.05,26.82,4.900,4.777,4708915,28231,2022-04-22 13:16
ACCIONA,191.400,0.00,0.00,13.86,192.800,189.300,47889,10500,2022-04-22 14:15
ACERINOX,10.050,-1.81,-0.18,-11.73,10.190,10.015,587980,2719,2022-04-22 14:16
ACS,24.760,-0.84,-0.21,7.14,24.920,24.620,177324,7296,2022-04-22 14:15
AENA,149.200,-1.16,-1.75,7.49,152.250,148.450,34330,22380,2022-04-22 14:15
ALMIRALL,11.980,-0.91,-0.11,6.02,12.100,11.880,133998,2154,2022-04-22 14:16
AMADEUS IT GROUP,59.380,-1.36,-0.82,-0.44,60.560,59.100,205136,26751,2022-04-22 14:14
ARCELORMITTAL,30.025,-2.52,-0.77,5.81,30.495,29.800,370986,28158,2022-04-22 14:14
BANCO SABADELL,0.791,-1.35,-0.01,38.88,0.820,0.788,23047452,4450,2022-04-22 14:16
BANKINTER,5.586,-0.29,-0.02,25.29,5.766,5.576,2200058,5021,2022-04-22 14:15
BBVA,5.073,-1.53,-0.08,1.06,5.168,5.060,5941506,33826,2022-04-22 14:16
CAIXABANK,3.083,-1.53,-0.05,33.94,3.170,3.076,4296388,24851,2022-04-22 14:16
CELLNEX TELECOM,45.550,-0.07,-0.03,-11.00,45.710,44.860,259189,30943,2022-04-22 14:16
CIE AUTOMOTIVE,20.460,-2.48,-0.52,-24.22,20.820,20.340,121012,2507,2022-04-22 14:10
COLONIAL,8.165,-1.51,-0.12,-1.03,8.245,8.125,247581,4406,2022-04-22 14:10
ENAGAS,20.440,-0.34,-0.07,0.20,20.570,20.220,304985,5355,2022-04-22 14:15
ENDESA,19.910,0.25,0.05,-1.44,19.950,19.525,214006,21080,2022-04-22 14:15
FERROVIAL,24.710,-3.33,-0.85,-10.34,25.190,24.540,358979,18127,2022-04-22 14:15
FLUIDRA,26.180,-1.73,-0.46,-25.63,26.300,25.920,126280,5122,2022-04-22 14:15
GRIFOLS,16.400,-1.56,-0.26,-2.81,16.930,16.205,524621,6989,2022-04-22 14:11
IAG,1.805,-2.04,-0.04,5.93,1.854,1.788,12017889,8974,2022-04-22 14:15
IBERDROLA,10.525,0.05,0.00,2.81,10.590,10.375,3331171,67755,2022-04-22 14:16
INDITEX,20.810,-1.33,-0.28,-27.06,20.920,20.610,1601037,64858,2022-04-22 14:16
INDRA,9.240,-1.91,-0.18,-2.94,9.320,9.085,588563,1632,2022-04-22 14:13
MAPFRE,1.920,-1.03,-0.02,6.34,1.944,1.916,1788683,5913,2022-04-22 14:16
MELIÁ HOTELS,7.130,-1.52,-0.11,18.79,7.230,7.005,276126,1571,2022-04-22 14:16
MERLIN PROP,10.920,0.65,0.07,14.11,10.930,10.650,459465,5130,2022-04-22 14:13
NATURGY,28.830,-0.38,-0.11,2.81,29.030,28.500,67846,27954,2022-04-22 14:08
PHARMA MAR,76.820,0.58,0.44,34.72,77.120,76.160,25383,1410,2022-04-22 14:11
RED ELÉCTRICA,18.575,0.57,0.11,-0.95,18.730,18.450,565069,10051,2022-04-22 14:13
REPSOL,13.255,-3.07,-0.42,30.53,13.535,12.730,3097972,20782,2022-04-22 14:16
ROVI,63.150,-2.85,-1.85,-14.43,64.800,63.100,46540,3541,2022-04-22 14:15
SANTANDER,3.192,-1.18,-0.04,8.55,3.240,3.180,14908696,55351,2022-04-22 14:16
SIEMENS GAMESA,15.205,-3.15,-0.49,-27.84,15.750,15.130,823605,10357,2022-04-22 14:15
SOLARIA,21.680,0.79,0.17,26.64,21.850,21.090,272711,2709,2022-04-22 14:16
TELEFÓNICA,4.884,0.93,0.04,26.79,4.900,4.777,5164973,28225,2022-04-22 14:15
ACCIONA,191.100,-0.16,-0.30,13.68,192.800,189.300,58456,10483,2022-04-22 15:16
ACERINOX,10.025,-2.05,-0.21,-11.95,10.190,10.015,613047,2712,2022-04-22 15:12
ACS,24.740,-0.92,-0.23,7.05,24.920,24.620,197159,7290,2022-04-22 15:16
AENA,149.000,-1.29,-1.95,7.35,152.250,148.450,38423,22350,2022-04-22 15:16
ALMIRALL,11.960,-1.08,-0.13,5.84,12.100,11.880,170160,2150,2022-04-22 15:14
AMADEUS IT GROUP,59.440,-1.26,-0.76,-0.34,60.560,59.100,237152,26778,2022-04-22 15:16
ARCELORMITTAL,30.020,-2.53,-0.78,5.80,30.495,29.800,382640,28153,2022-04-22 15:15
BANCO SABADELL,0.787,-1.87,-0.01,38.15,0.820,0.785,24639514,4426,2022-04-22 15:15
BANKINTER,5.574,-0.50,-0.03,25.03,5.766,5.556,2368251,5010,2022-04-22 15:13
BBVA,5.061,-1.77,-0.09,0.82,5.168,5.055,6487696,33746,2022-04-22 15:16
CAIXABANK,3.080,-1.63,-0.05,33.81,3.170,3.076,4822663,24827,2022-04-22 15:15
CELLNEX TELECOM,45.570,-0.02,-0.01,-10.96,45.710,44.860,292642,30957,2022-04-22 15:15
CIE AUTOMOTIVE,20.420,-2.67,-0.56,-24.37,20.820,20.340,126170,2502,2022-04-22 15:09
COLONIAL,8.170,-1.45,-0.12,-0.97,8.245,8.125,285587,4409,2022-04-22 15:14
ENAGAS,20.540,0.15,0.03,0.69,20.570,20.220,331630,5381,2022-04-22 15:14
ENDESA,19.950,0.45,0.09,-1.24,19.995,19.525,259709,21122,2022-04-22 15:16
FERROVIAL,24.700,-3.36,-0.86,-10.38,25.190,24.540,388324,18120,2022-04-22 15:16
FLUIDRA,26.280,-1.35,-0.36,-25.34,26.340,25.920,144514,5141,2022-04-22 15:15
GRIFOLS,16.445,-1.29,-0.22,-2.55,16.930,16.205,554578,7008,2022-04-22 15:16
IAG,1.796,-2.52,-0.05,5.40,1.854,1.788,13067493,8929,2022-04-22 15:16
IBERDROLA,10.560,0.38,0.04,3.15,10.595,10.375,3786059,67981,2022-04-22 15:16
INDITEX,20.720,-1.75,-0.37,-27.37,20.920,20.610,1678313,64577,2022-04-22 15:16
INDRA,9.270,-1.59,-0.15,-2.63,9.320,9.085,610348,1638,2022-04-22 15:14
MAPFRE,1.911,-1.49,-0.03,5.84,1.944,1.911,1879662,5885,2022-04-22 15:14
MELIÁ HOTELS,7.095,-2.00,-0.14,18.21,7.230,7.005,306166,1564,2022-04-22 15:16
MERLIN PROP,10.930,0.74,0.08,14.21,10.940,10.650,597930,5135,2022-04-22 15:16
NATURGY,28.900,-0.14,-0.04,3.06,29.030,28.500,80444,28022,2022-04-22 15:14
PHARMA MAR,76.760,0.50,0.38,34.62,77.120,76.160,26979,1409,2022-04-22 15:13
RED ELÉCTRICA,18.660,1.03,0.19,-0.50,18.730,18.450,601020,10097,2022-04-22 15:13
REPSOL,13.245,-3.14,-0.43,30.43,13.535,12.730,3295113,20767,2022-04-22 15:16
ROVI,63.050,-3.00,-1.95,-14.57,64.800,63.050,52948,3535,2022-04-22 15:14
SANTANDER,3.194,-1.10,-0.04,8.64,3.240,3.180,16794624,55395,2022-04-22 15:16
SIEMENS GAMESA,15.195,-3.22,-0.51,-27.88,15.750,15.130,897826,10350,2022-04-22 15:16
SOLARIA,21.410,-0.46,-0.10,25.06,21.850,21.090,301048,2675,2022-04-22 15:15
TELEFÓNICA,4.874,0.72,0.03,26.53,4.900,4.777,5380676,28167,2022-04-22 15:16
ACCIONA,190.400,-0.52,-1.00,13.27,192.800,189.300,66720,10445,2022-04-22 16:16
ACERINOX,10.040,-1.91,-0.19,-11.81,10.190,9.990,805744,2716,2022-04-22 16:15
ACS,24.670,-1.20,-0.30,6.75,24.920,24.620,227244,7269,2022-04-22 16:16
AENA,148.550,-1.59,-2.40,7.02,152.250,148.400,46504,22282,2022-04-22 16:15
ALMIRALL,11.950,-1.16,-0.14,5.75,12.100,11.880,209002,2148,2022-04-22 16:16
AMADEUS IT GROUP,59.400,-1.33,-0.80,-0.40,60.560,59.100,284982,26760,2022-04-22 16:16
ARCELORMITTAL,29.785,-3.30,-1.01,4.97,30.495,29.730,455075,27933,2022-04-22 16:16
BANCO SABADELL,0.784,-2.25,-0.02,37.62,0.820,0.779,28947716,4409,2022-04-22 16:16
BANKINTER,5.538,-1.14,-0.06,24.22,5.766,5.534,2709262,4978,2022-04-22 16:16
BBVA,5.032,-2.33,-0.12,0.24,5.168,5.019,7946785,33553,2022-04-22 16:16
CAIXABANK,3.076,-1.76,-0.06,33.64,3.170,3.062,5664017,24795,2022-04-22 16:16
CELLNEX TELECOM,45.390,-0.42,-0.19,-11.31,45.710,44.860,350998,30835,2022-04-22 16:15
CIE AUTOMOTIVE,20.580,-1.91,-0.40,-23.78,20.820,20.340,145520,2522,2022-04-22 16:16
COLONIAL,8.145,-1.75,-0.14,-1.27,8.245,8.125,353907,4395,2022-04-22 16:13
ENAGAS,20.540,0.15,0.03,0.69,20.590,20.220,393356,5381,2022-04-22 16:16
ENDESA,19.965,0.53,0.10,-1.16,19.995,19.525,338799,21138,2022-04-22 16:16
FERROVIAL,24.700,-3.36,-0.86,-10.38,25.190,24.540,475570,18120,2022-04-22 16:16
FLUIDRA,26.160,-1.80,-0.48,-25.68,26.400,25.920,172173,5118,2022-04-22 16:16
GRIFOLS,16.340,-1.92,-0.32,-3.17,16.930,16.205,638534,6963,2022-04-22 16:16
IAG,1.791,-2.77,-0.05,5.13,1.854,1.788,15032176,8906,2022-04-22 16:16
IBERDROLA,10.550,0.29,0.03,3.05,10.595,10.375,4751753,67916,2022-04-22 16:16
INDITEX,20.600,-2.32,-0.49,-27.80,20.920,20.510,2101158,64203,2022-04-22 16:16
INDRA,9.260,-1.70,-0.16,-2.73,9.320,9.085,641875,1636,2022-04-22 16:16
MAPFRE,1.907,-1.70,-0.03,5.62,1.944,1.904,2240667,5873,2022-04-22 16:16
MELIÁ HOTELS,7.090,-2.07,-0.15,18.13,7.230,7.005,373565,1563,2022-04-22 16:16
MERLIN PROP,10.860,0.09,0.01,13.48,10.950,10.650,816992,5102,2022-04-22 16:16
NATURGY,28.860,-0.28,-0.08,2.91,29.030,28.500,89237,27983,2022-04-22 16:14
PHARMA MAR,76.580,0.26,0.20,34.30,77.120,76.160,30807,1406,2022-04-22 16:15
RED ELÉCTRICA,18.610,0.76,0.14,-0.76,18.730,18.450,666053,10069,2022-04-22 16:16
REPSOL,13.310,-2.67,-0.36,31.07,13.535,12.730,3769136,20869,2022-04-22 16:16
ROVI,62.350,-4.08,-2.65,-15.51,64.800,62.350,68341,3496,2022-04-22 16:16
SANTANDER,3.174,-1.72,-0.06,7.96,3.240,3.170,22535946,55048,2022-04-22 16:16
SIEMENS GAMESA,15.285,-2.64,-0.41,-27.46,15.750,15.130,1043903,10411,2022-04-22 16:16
SOLARIA,21.270,-1.12,-0.24,24.24,21.850,21.090,350791,2658,2022-04-22 16:16
TELEFÓNICA,4.830,-0.19,-0.01,25.39,4.900,4.777,6196827,27913,2022-04-22 16:15
ACCIONA,189.800,-0.84,-1.60,12.91,192.800,189.300,72786,10412,2022-04-22 17:14
ACERINOX,10.020,-2.10,-0.21,-11.99,10.190,9.990,866275,2711,2022-04-22 17:14
ACS,24.700,-1.08,-0.27,6.88,24.920,24.620,268331,7278,2022-04-22 17:14
AENA,148.950,-1.32,-2.00,7.31,152.250,148.400,54914,22342,2022-04-22 17:14
ALMIRALL,11.960,-1.08,-0.13,5.84,12.100,11.880,231170,2150,2022-04-22 17:11
AMADEUS IT GROUP,59.200,-1.66,-1.00,-0.74,60.560,59.080,333148,26670,2022-04-22 17:14
ARCELORMITTAL,29.835,-3.13,-0.97,5.15,30.495,29.680,521241,27980,2022-04-22 17:14
BANCO SABADELL,0.788,-1.70,-0.01,38.39,0.820,0.779,31150140,4434,2022-04-22 17:14
BANKINTER,5.580,-0.39,-0.02,25.16,5.766,5.532,2792095,5016,2022-04-22 17:13
BBVA,5.036,-2.25,-0.12,0.32,5.168,5.019,8742234,33579,2022-04-22 17:14
CAIXABANK,3.091,-1.28,-0.04,34.29,3.170,3.062,6442562,24915,2022-04-22 17:13
CELLNEX TELECOM,45.290,-0.64,-0.29,-11.51,45.710,44.860,406159,30767,2022-04-22 17:14
CIE AUTOMOTIVE,20.620,-1.72,-0.36,-23.63,20.820,20.340,161214,2527,2022-04-22 17:14
COLONIAL,8.140,-1.81,-0.15,-1.33,8.245,8.125,413152,4392,2022-04-22 17:13
ENAGAS,20.490,-0.10,-0.02,0.44,20.590,20.220,438664,5368,2022-04-22 17:14
ENDESA,19.900,0.20,0.04,-1.49,19.995,19.525,399846,21069,2022-04-22 17:13
FERROVIAL,24.620,-3.68,-0.94,-10.67,25.190,24.540,569103,18061,2022-04-22 17:14
FLUIDRA,26.240,-1.50,-0.40,-25.45,26.400,25.920,187764,5133,2022-04-22 17:11
GRIFOLS,16.190,-2.82,-0.47,-4.06,16.930,16.190,727804,6899,2022-04-22 17:13
IAG,1.783,-3.20,-0.06,4.67,1.854,1.778,17553652,8867,2022-04-22 17:14
IBERDROLA,10.440,-0.76,-0.08,1.98,10.595,10.375,5708735,67208,2022-04-22 17:14
INDITEX,20.580,-2.42,-0.51,-27.87,20.920,20.510,2351215,64141,2022-04-22 17:14
INDRA,9.245,-1.86,-0.18,-2.89,9.320,9.085,734051,1633,2022-04-22 17:14
MAPFRE,1.906,-1.75,-0.03,5.57,1.944,1.904,2414917,5870,2022-04-22 17:13
MELIÁ HOTELS,7.035,-2.83,-0.20,17.21,7.230,7.005,475963,1551,2022-04-22 17:12
MERLIN PROP,10.850,0.00,0.00,13.38,10.950,10.650,1051061,5097,2022-04-22 17:13
NATURGY,28.690,-0.86,-0.25,2.31,29.030,28.500,105549,27818,2022-04-22 17:14
PHARMA MAR,76.340,-0.05,-0.04,33.88,77.120,76.080,40445,1401,2022-04-22 17:14
RED ELÉCTRICA,18.540,0.38,0.07,-1.14,18.730,18.450,724960,10032,2022-04-22 17:13
REPSOL,13.270,-2.96,-0.40,30.67,13.535,12.730,4351391,20806,2022-04-22 17:14
ROVI,62.850,-3.31,-2.15,-14.84,64.800,62.350,90831,3524,2022-04-22 17:10
SANTANDER,3.180,-1.56,-0.05,8.13,3.240,3.170,26375100,55135,2022-04-22 17:14
SIEMENS GAMESA,15.180,-3.31,-0.52,-27.95,15.750,15.130,1265893,10340,2022-04-22 17:14
SOLARIA,21.290,-1.02,-0.22,24.36,21.850,21.090,387874,2660,2022-04-22 17:13
TELEFÓNICA,4.843,0.08,0.00,25.73,4.900,4.777,6722554,27988,2022-04-22 17:14
ACCIONA,188.800,-1.36,-2.60,12.31,192.800,188.800,103822,10357,2022-04-22 18:00
ACERINOX,9.924,-3.04,-0.31,-12.83,10.190,9.924,1166899,2685,2022-04-22 18:00
ACS,24.560,-1.64,-0.41,6.27,24.920,24.560,528422,7237,2022-04-22 18:00
AENA,148.850,-1.39,-2.10,7.24,152.250,148.400,94942,22328,2022-04-22 18:00
ALMIRALL,11.960,-1.08,-0.13,5.84,12.100,11.880,288129,2150,2022-04-22 18:00
AMADEUS IT GROUP,59.120,-1.79,-1.08,-0.87,60.560,59.000,657143,26634,2022-04-22 18:00
ARCELORMITTAL,29.550,-4.06,-1.25,4.14,30.495,29.550,596470,27712,2022-04-22 18:00
BANCO SABADELL,0.781,-2.62,-0.02,37.09,0.820,0.779,36732580,4392,2022-04-22 18:00
BANKINTER,5.570,-0.57,-0.03,24.94,5.766,5.532,3499578,5007,2022-04-22 18:00
BBVA,5.006,-2.83,-0.15,-0.28,5.168,5.006,15307329,33379,2022-04-22 18:00
CAIXABANK,3.090,-1.31,-0.04,34.25,3.170,3.062,10115198,24907,2022-04-22 18:00
CELLNEX TELECOM,45.140,-0.97,-0.44,-11.80,45.710,44.860,921914,30665,2022-04-22 18:00
CIE AUTOMOTIVE,20.440,-2.57,-0.54,-24.30,20.820,20.340,198445,2505,2022-04-22 18:00
COLONIAL,8.130,-1.93,-0.16,-1.45,8.245,8.125,711359,4387,2022-04-22 18:00
ENAGAS,20.480,-0.15,-0.03,0.39,20.590,20.220,857643,5366,2022-04-22 18:00
ENDESA,19.860,0.00,0.00,-1.68,19.995,19.525,805122,21027,2022-04-22 18:00
FERROVIAL,24.470,-4.26,-1.09,-11.21,25.190,24.470,1133309,17951,2022-04-22 18:00
FLUIDRA,26.040,-2.25,-0.60,-26.02,26.400,25.920,301341,5094,2022-04-22 18:00
GRIFOLS,16.230,-2.58,-0.43,-3.82,16.930,16.170,1047657,6916,2022-04-22 18:00
IAG,1.781,-3.34,-0.06,4.52,1.854,1.778,19191936,8854,2022-04-22 18:00
IBERDROLA,10.435,-0.81,-0.09,1.93,10.595,10.375,50111360,67176,2022-04-22 18:00
INDITEX,20.320,-3.65,-0.77,-28.78,20.920,20.320,5143219,63330,2022-04-22 18:00
INDRA,9.250,-1.80,-0.17,-2.84,9.320,9.085,815633,1634,2022-04-22 18:00
MAPFRE,1.900,-2.06,-0.04,5.23,1.944,1.900,3282265,5851,2022-04-22 18:00
MELIÁ HOTELS,6.995,-3.38,-0.24,16.54,7.230,6.995,652096,1542,2022-04-22 18:00
MERLIN PROP,10.820,-0.28,-0.03,13.06,10.950,10.650,1383421,5083,2022-04-22 18:00
NATURGY,28.730,-0.73,-0.21,2.45,29.030,28.500,376499,27857,2022-04-22 18:00
PHARMA MAR,76.300,-0.10,-0.08,33.81,77.120,76.080,46170,1400,2022-04-22 18:00
RED ELÉCTRICA,18.555,0.46,0.09,-1.06,18.730,18.450,1552882,10040,2022-04-22 18:00
REPSOL,13.195,-3.51,-0.48,29.94,13.535,12.730,6243248,20688,2022-04-22 18:00
ROVI,62.500,-3.85,-2.50,-15.31,64.800,62.350,105427,3504,2022-04-22 18:00
SANTANDER,3.166,-1.98,-0.06,7.67,3.240,3.166,38807352,54900,2022-04-22 18:00
SIEMENS GAMESA,15.160,-3.44,-0.54,-28.05,15.750,15.130,4915524,10326,2022-04-22 18:00
SOLARIA,21.190,-1.49,-0.32,23.77,21.850,21.090,1684265,2648,2022-04-22 18:00
TELEFÓNICA,4.845,0.12,0.01,25.78,4.900,4.777,11611595,27999,2022-04-22 18:00
ACCIONA,191.500,0.05,0.10,13.92,192.700,189.300,7712,10505,2022-04-22 09:14
ACERINOX,10.125,-1.07,-0.11,-11.07,10.165,10.050,94056,2739,2022-04-22 09:15
ACS,24.850,-0.48,-0.12,7.53,24.850,24.620,40759,7322,2022-04-22 09:16
AENA,151.400,0.30,0.45,9.08,152.250,148.450,8940,22710,2022-04-22 09:15
ALMIRALL,11.920,-1.41,-0.17,5.49,12.100,11.920,41818,2143,2022-04-22 09:14
AMADEUS IT GROUP,60.420,0.37,0.22,1.31,60.460,59.100,37212,27219,2022-04-22 09:16
ARCELORMITTAL,30.435,-1.19,-0.36,7.26,30.495,29.960,89644,28542,2022-04-22 09:15
BANCO SABADELL,0.812,1.35,0.01,42.68,0.813,0.790,5813129,4571,2022-04-22 09:15
BANKINTER,5.704,1.82,0.10,27.94,5.766,5.638,440862,5127,2022-04-22 09:15
BBVA,5.132,-0.39,-0.02,2.23,5.146,5.096,1086166,34220,2022-04-22 09:15
CAIXABANK,3.157,0.83,0.03,37.16,3.165,3.089,900742,25447,2022-04-22 09:15
CELLNEX TELECOM,45.450,-0.29,-0.13,-11.20,45.700,44.860,68012,30875,2022-04-22 09:15
CIE AUTOMOTIVE,20.740,-1.14,-0.24,-23.18,20.820,20.660,10818,2542,2022-04-22 09:14
COLONIAL,8.235,-0.66,-0.06,-0.18,8.240,8.170,27098,4444,2022-04-22 09:15
ENAGAS,20.410,-0.49,-0.10,0.05,20.480,20.220,115396,5347,2022-04-22 09:16
ENDESA,19.810,-0.25,-0.05,-1.93,19.815,19.525,17389,20974,2022-04-22 09:15
FERROVIAL,25.100,-1.80,-0.46,-8.93,25.110,24.670,65539,18413,2022-04-22 09:15
FLUIDRA,26.120,-1.95,-0.52,-25.80,26.300,26.020,36503,5110,2022-04-22 09:16
GRIFOLS,16.625,-0.21,-0.03,-1.48,16.880,16.205,135596,7084,2022-04-22 09:16
IAG,1.831,-0.65,-0.01,7.42,1.854,1.802,2531643,9100,2022-04-22 09:16
IBERDROLA,10.445,-0.71,-0.08,2.03,10.480,10.375,522283,67240,2022-04-22 09:15
INDITEX,20.680,-1.94,-0.41,-27.51,20.900,20.660,383755,64452,2022-04-22 09:16
INDRA,9.170,-2.65,-0.25,-3.68,9.225,9.085,157378,1620,2022-04-22 09:16
MAPFRE,1.927,-0.67,-0.01,6.73,1.936,1.920,155176,5934,2022-04-22 09:15
MELIÁ HOTELS,7.185,-0.76,-0.05,19.71,7.230,7.005,101514,1584,2022-04-22 09:15
MERLIN PROP,10.730,-1.11,-0.12,12.12,10.740,10.680,39744,5041,2022-04-22 09:16
NATURGY,28.790,-0.52,-0.15,2.66,28.890,28.500,12300,27915,2022-04-22 09:15
PHARMA MAR,76.480,0.13,0.10,34.13,76.580,76.160,3444,1404,2022-04-22 09:12
RED ELÉCTRICA,18.630,0.87,0.16,-0.66,18.655,18.500,86278,10080,2022-04-22 09:16
REPSOL,13.500,-1.28,-0.18,32.94,13.535,12.730,738111,21167,2022-04-22 09:16
ROVI,64.350,-1.00,-0.65,-12.80,64.500,64.000,3635,3608,2022-04-22 09:15
SANTANDER,3.211,-0.59,-0.02,9.20,3.220,3.180,2544290,55681,2022-04-22 09:15
SIEMENS GAMESA,15.610,-0.57,-0.09,-25.91,15.750,15.460,126491,10633,2022-04-22 09:16
SOLARIA,21.690,0.84,0.18,26.69,21.740,21.090,45002,2710,2022-04-22 09:15
TELEFÓNICA,4.830,-0.19,-0.01,25.39,4.834,4.777,972357,27913,2022-04-22 09:15
