ACCIONA,191.400,0.00,0.00,13.86,192.800,189.300,47889,10500,2022-04-22 14:15
ACERINOX,10.050,-1.81,-0.18,-11.73,10.190,10.015,587980,2719,2022-04-22 14:16
ACS,24.760,-0.84,-0.21,7.14,24.920,24.620,177324,7296,2022-04-22 14:15
AENA,149.200,-1.16,-1.75,7.49,152.250,148.450,34330,22380,2022-04-22 14:15
ALMIRALL,11.980,-0.91,-0.11,6.02,12.100,11.880,133998,2154,2022-04-22 14:16
AMADEUS IT GROUP,59.380,-1.36,-0.82,-0.44,60.560,59.100,205136,26751,2022-04-22 14:14
ARCELORMITTAL,30.025,-2.52,-0.77,5.81,30.495,29.800,370986,28158,2022-04-22 14:14
BANCO SABADELL,0.791,-1.35,-0.01,38.88,0.820,0.788,23047452,4450,2022-04-22 14:16
BANKINTER,5.586,-0.29,-0.02,25.29,5.766,5.576,2200058,5021,2022-04-22 14:15
BBVA,5.073,-1.53,-0.08,1.06,5.168,5.060,5941506,33826,2022-04-22 14:16
CAIXABANK,3.083,-1.53,-0.05,33.94,3.170,3.076,4296388,24851,2022-04-22 14:16
CELLNEX TELECOM,45.550,-0.07,-0.03,-11.00,45.710,44.860,259189,30943,2022-04-22 14:16
CIE AUTOMOTIVE,20.460,-2.48,-0.52,-24.22,20.820,20.340,121012,2507,2022-04-22 14:10
COLONIAL,8.165,-1.51,-0.12,-1.03,8.245,8.125,247581,4406,2022-04-22 14:10
ENAGAS,20.440,-0.34,-0.07,0.20,20.570,20.220,304985,5355,2022-04-22 14:15
ENDESA,19.910,0.25,0.05,-1.44,19.950,19.525,214006,21080,2022-04-22 14:15
FERROVIAL,24.710,-3.33,-0.85,-10.34,25.190,24.540,358979,18127,2022-04-22 14:15
FLUIDRA,26.180,-1.73,-0.46,-25.63,26.300,25.920,126280,5122,2022-04-22 14:15
GRIFOLS,16.400,-1.56,-0.26,-2.81,16.930,16.205,524621,6989,2022-04-22 14:11
IAG,1.805,-2.04,-0.04,5.93,1.854,1.788,12017889,8974,2022-04-22 14:15
IBERDROLA,10.525,0.05,0.00,2.81,10.590,10.375,3331171,67755,2022-04-22 14:16
INDITEX,20.810,-1.33,-0.28,-27.06,20.920,20.610,1601037,64858,2022-04-22 14:16
INDRA,9.240,-1.91,-0.18,-2.94,9.320,9.085,588563,1632,2022-04-22 14:13
MAPFRE,1.920,-1.03,-0.02,6.34,1.944,1.916,1788683,5913,2022-04-22 14:16
MELIÁ HOTELS,7.130,-1.52,-0.11,18.79,7.230,7.005,276126,1571,2022-04-22 14:16
MERLIN PROP,10.920,0.65,0.07,14.11,10.930,10.650,459465,5130,2022-04-22 14:13
NATURGY,28.830,-0.38,-0.11,2.81,29.030,28.500,67846,27954,2022-04-22 14:08
PHARMA MAR,76.820,0.58,0.44,34.72,77.120,76.160,25383,1410,2022-04-22 14:11
RED ELÉCTRICA,18.575,0.57,0.11,-0.95,18.730,18.450,565069,10051,2022-04-22 14:13
REPSOL,13.255,-3.07,-0.42,30.53,13.535,12.730,3097972,20782,2022-04-22 14:16
ROVI,63.150,-2.85,-1.85,-14.43,64.800,63.100,46540,3541,2022-04-22 14:15
SANTANDER,3.192,-1.18,-0.04,8.55,3.240,3.180,14908696,55351,2022-04-22 14:16
SIEMENS GAMESA,15.205,-3.15,-0.49,-27.84,15.750,15.130,823605,10357,2022-04-22 14:15
SOLARIA,21.680,0.79,0.17,26.64,21.850,21.090,272711,2709,2022-04-22 14:16
TELEFÓNICA,4.884,0.93,0.04,26.79,4.900,4.777,5164973,28225,2022-04-22 14:15
