ACCIONA,189.800,-0.84,-1.60,12.91,192.800,189.300,72786,10412,2022-04-22 17:14
ACERINOX,10.020,-2.10,-0.21,-11.99,10.190,9.990,866275,2711,2022-04-22 17:14
ACS,24.700,-1.08,-0.27,6.88,24.920,24.620,268331,7278,2022-04-22 17:14
AENA,148.950,-1.32,-2.00,7.31,152.250,148.400,54914,22342,2022-04-22 17:14
ALMIRALL,11.960,-1.08,-0.13,5.84,12.100,11.880,231170,2150,2022-04-22 17:11
AMADEUS IT GROUP,59.200,-1.66,-1.00,-0.74,60.560,59.080,333148,26670,2022-04-22 17:14
ARCELORMITTAL,29.835,-3.13,-0.97,5.15,30.495,29.680,521241,27980,2022-04-22 17:14
BANCO SABADELL,0.788,-1.70,-0.01,38.39,0.820,0.779,31150140,4434,2022-04-22 17:14
BANKINTER,5.580,-0.39,-0.02,25.16,5.766,5.532,2792095,5016,2022-04-22 17:13
BBVA,5.036,-2.25,-0.12,0.32,5.168,5.019,8742234,33579,2022-04-22 17:14
CAIXABANK,3.091,-1.28,-0.04,34.29,3.170,3.062,6442562,24915,2022-04-22 17:13
CELLNEX TELECOM,45.290,-0.64,-0.29,-11.51,45.710,44.860,406159,30767,2022-04-22 17:14
CIE AUTOMOTIVE,20.620,-1.72,-0.36,-23.63,20.820,20.340,161214,2527,2022-04-22 17:14
COLONIAL,8.140,-1.81,-0.15,-1.33,8.245,8.125,413152,4392,2022-04-22 17:13
ENAGAS,20.490,-0.10,-0.02,0.44,20.590,20.220,438664,5368,2022-04-22 17:14
ENDESA,19.900,0.20,0.04,-1.49,19.995,19.525,399846,21069,2022-04-22 17:13
FERROVIAL,24.620,-3.68,-0.94,-10.67,25.190,24.540,569103,18061,2022-04-22 17:14
FLUIDRA,26.240,-1.50,-0.40,-25.45,26.400,25.920,187764,5133,2022-04-22 17:11
GRIFOLS,16.190,-2.82,-0.47,-4.06,16.930,16.190,727804,6899,2022-04-22 17:13
IAG,1.783,-3.20,-0.06,4.67,1.854,1.778,17553652,8867,2022-04-22 17:14
IBERDROLA,10.440,-0.76,-0.08,1.98,10.595,10.375,5708735,67208,2022-04-22 17:14
INDITEX,20.580,-2.42,-0.51,-27.87,20.920,20.510,2351215,64141,2022-04-22 17:14
INDRA,9.245,-1.86,-0.18,-2.89,9.320,9.085,734051,1633,2022-04-22 17:14
MAPFRE,1.906,-1.75,-0.03,5.57,1.944,1.904,2414917,5870,2022-04-22 17:13
MELIÁ HOTELS,7.035,-2.83,-0.20,17.21,7.230,7.005,475963,1551,2022-04-22 17:12
MERLIN PROP,10.850,0.00,0.00,13.38,10.950,10.650,1051061,5097,2022-04-22 17:13
NATURGY,28.690,-0.86,-0.25,2.31,29.030,28.500,105549,27818,2022-04-22 17:14
PHARMA MAR,76.340,-0.05,-0.04,33.88,77.120,76.080,40445,1401,2022-04-22 17:14
RED ELÉCTRICA,18.540,0.38,0.07,-1.14,18.730,18.450,724960,10032,2022-04-22 17:13
REPSOL,13.270,-2.96,-0.40,30.67,13.535,12.730,4351391,20806,2022-04-22 17:14
ROVI,62.850,-3.31,-2.15,-14.84,64.800,62.350,90831,3524,2022-04-22 17:10
SANTANDER,3.180,-1.56,-0.05,8.13,3.240,3.170,26375100,55135,2022-04-22 17:14
SIEMENS GAMESA,15.180,-3.31,-0.52,-27.95,15.750,15.130,1265893,10340,2022-04-22 17:14
SOLARIA,21.290,-1.02,-0.22,24.36,21.850,21.090,387874,2660,2022-04-22 17:13
TELEFÓNICA,4.843,0.08,0.00,25.73,4.900,4.777,6722554,27988,2022-04-22 17:14
