ACCIONA,191.500,0.05,0.10,13.92,192.700,189.300,7712,10505,2022-04-22 09:14
ACERINOX,10.125,-1.07,-0.11,-11.07,10.165,10.050,94056,2739,2022-04-22 09:15
ACS,24.850,-0.48,-0.12,7.53,24.850,24.620,40759,7322,2022-04-22 09:16
AENA,151.400,0.30,0.45,9.08,152.250,148.450,8940,22710,2022-04-22 09:15
ALMIRALL,11.920,-1.41,-0.17,5.49,12.100,11.920,41818,2143,2022-04-22 09:14
AMADEUS IT GROUP,60.420,0.37,0.22,1.31,60.460,59.100,37212,27219,2022-04-22 09:16
ARCELORMITTAL,30.435,-1.19,-0.36,7.26,30.495,29.960,89644,28542,2022-04-22 09:15
BANCO SABADELL,0.812,1.35,0.01,42.68,0.813,0.790,5813129,4571,2022-04-22 09:15
BANKINTER,5.704,1.82,0.10,27.94,5.766,5.638,440862,5127,2022-04-22 09:15
BBVA,5.132,-0.39,-0.02,2.23,5.146,5.096,1086166,34220,2022-04-22 09:15
CAIXABANK,3.157,0.83,0.03,37.16,3.165,3.089,900742,25447,2022-04-22 09:15
CELLNEX TELECOM,45.450,-0.29,-0.13,-11.20,45.700,44.860,68012,30875,2022-04-22 09:15
CIE AUTOMOTIVE,20.740,-1.14,-0.24,-23.18,20.820,20.660,10818,2542,2022-04-22 09:14
COLONIAL,8.235,-0.66,-0.06,-0.18,8.240,8.170,27098,4444,2022-04-22 09:15
ENAGAS,20.410,-0.49,-0.10,0.05,20.480,20.220,115396,5347,2022-04-22 09:16
ENDESA,19.810,-0.25,-0.05,-1.93,19.815,19.525,17389,20974,2022-04-22 09:15
FERROVIAL,25.100,-1.80,-0.46,-8.93,25.110,24.670,65539,18413,2022-04-22 09:15
FLUIDRA,26.120,-1.95,-0.52,-25.80,26.300,26.020,36503,5110,2022-04-22 09:16
GRIFOLS,16.625,-0.21,-0.03,-1.48,16.880,16.205,135596,7084,2022-04-22 09:16
IAG,1.831,-0.65,-0.01,7.42,1.854,1.802,2531643,9100,2022-04-22 09:16
IBERDROLA,10.445,-0.71,-0.08,2.03,10.480,10.375,522283,67240,2022-04-22 09:15
INDITEX,20.680,-1.94,-0.41,-27.51,20.900,20.660,383755,64452,2022-04-22 09:16
INDRA,9.170,-2.65,-0.25,-3.68,9.225,9.085,157378,1620,2022-04-22 09:16
MAPFRE,1.927,-0.67,-0.01,6.73,1.936,1.920,155176,5934,2022-04-22 09:15
MELIÁ HOTELS,7.185,-0.76,-0.05,19.71,7.230,7.005,101514,1584,2022-04-22 09:15
MERLIN PROP,10.730,-1.11,-0.12,12.12,10.740,10.680,39744,5041,2022-04-22 09:16
NATURGY,28.790,-0.52,-0.15,2.66,28.890,28.500,12300,27915,2022-04-22 09:15
PHARMA MAR,76.480,0.13,0.10,34.13,76.580,76.160,3444,1404,2022-04-22 09:12
RED ELÉCTRICA,18.630,0.87,0.16,-0.66,18.655,18.500,86278,10080,2022-04-22 09:16
REPSOL,13.500,-1.28,-0.18,32.94,13.535,12.730,738111,21167,2022-04-22 09:16
ROVI,64.350,-1.00,-0.65,-12.80,64.500,64.000,3635,3608,2022-04-22 09:15
SANTANDER,3.211,-0.59,-0.02,9.20,3.220,3.180,2544290,55681,2022-04-22 09:15
SIEMENS GAMESA,15.610,-0.57,-0.09,-25.91,15.750,15.460,126491,10633,2022-04-22 09:16
SOLARIA,21.690,0.84,0.18,26.69,21.740,21.090,45002,2710,2022-04-22 09:15
TELEFÓNICA,4.830,-0.19,-0.01,25.39,4.834,4.777,972357,27913,2022-04-22 09:15
