ACCIONA,191.100,-0.16,-0.30,13.68,192.800,189.300,58456,10483,2022-04-22 15:16
ACERINOX,10.025,-2.05,-0.21,-11.95,10.190,10.015,613047,2712,2022-04-22 15:12
ACS,24.740,-0.92,-0.23,7.05,24.920,24.620,197159,7290,2022-04-22 15:16
AENA,149.000,-1.29,-1.95,7.35,152.250,148.450,38423,22350,2022-04-22 15:16
ALMIRALL,11.960,-1.08,-0.13,5.84,12.100,11.880,170160,2150,2022-04-22 15:14
AMADEUS IT GROUP,59.440,-1.26,-0.76,-0.34,60.560,59.100,237152,26778,2022-04-22 15:16
ARCELORMITTAL,30.020,-2.53,-0.78,5.80,30.495,29.800,382640,28153,2022-04-22 15:15
BANCO SABADELL,0.787,-1.87,-0.01,38.15,0.820,0.785,24639514,4426,2022-04-22 15:15
BANKINTER,5.574,-0.50,-0.03,25.03,5.766,5.556,2368251,5010,2022-04-22 15:13
BBVA,5.061,-1.77,-0.09,0.82,5.168,5.055,6487696,33746,2022-04-22 15:16
CAIXABANK,3.080,-1.63,-0.05,33.81,3.170,3.076,4822663,24827,2022-04-22 15:15
CELLNEX TELECOM,45.570,-0.02,-0.01,-10.96,45.710,44.860,292642,30957,2022-04-22 15:15
CIE AUTOMOTIVE,20.420,-2.67,-0.56,-24.37,20.820,20.340,126170,2502,2022-04-22 15:09
COLONIAL,8.170,-1.45,-0.12,-0.97,8.245,8.125,285587,4409,2022-04-22 15:14
ENAGAS,20.540,0.15,0.03,0.69,20.570,20.220,331630,5381,2022-04-22 15:14
ENDESA,19.950,0.45,0.09,-1.24,19.995,19.525,259709,21122,2022-04-22 15:16
FERROVIAL,24.700,-3.36,-0.86,-10.38,25.190,24.540,388324,18120,2022-04-22 15:16
FLUIDRA,26.280,-1.35,-0.36,-25.34,26.340,25.920,144514,5141,2022-04-22 15:15
GRIFOLS,16.445,-1.29,-0.22,-2.55,16.930,16.205,554578,7008,2022-04-22 15:16
IAG,1.796,-2.52,-0.05,5.40,1.854,1.788,13067493,8929,2022-04-22 15:16
IBERDROLA,10.560,0.38,0.04,3.15,10.595,10.375,3786059,67981,2022-04-22 15:16
INDITEX,20.720,-1.75,-0.37,-27.37,20.920,20.610,1678313,64577,2022-04-22 15:16
INDRA,9.270,-1.59,-0.15,-2.63,9.320,9.085,610348,1638,2022-04-22 15:14
MAPFRE,1.911,-1.49,-0.03,5.84,1.944,1.911,1879662,5885,2022-04-22 15:14
MELIÁ HOTELS,7.095,-2.00,-0.14,18.21,7.230,7.005,306166,1564,2022-04-22 15:16
MERLIN PROP,10.930,0.74,0.08,14.21,10.940,10.650,597930,5135,2022-04-22 15:16
NATURGY,28.900,-0.14,-0.04,3.06,29.030,28.500,80444,28022,2022-04-22 15:14
PHARMA MAR,76.760,0.50,0.38,34.62,77.120,76.160,26979,1409,2022-04-22 15:13
RED ELÉCTRICA,18.660,1.03,0.19,-0.50,18.730,18.450,601020,10097,2022-04-22 15:13
REPSOL,13.245,-3.14,-0.43,30.43,13.535,12.730,3295113,20767,2022-04-22 15:16
ROVI,63.050,-3.00,-1.95,-14.57,64.800,63.050,52948,3535,2022-04-22 15:14
SANTANDER,3.194,-1.10,-0.04,8.64,3.240,3.180,16794624,55395,2022-04-22 15:16
SIEMENS GAMESA,15.195,-3.22,-0.51,-27.88,15.750,15.130,897826,10350,2022-04-22 15:16
SOLARIA,21.410,-0.46,-0.10,25.06,21.850,21.090,301048,2675,2022-04-22 15:15
TELEFÓNICA,4.874,0.72,0.03,26.53,4.900,4.777,5380676,28167,2022-04-22 15:16
