ACCIONA,188.800,-1.36,-2.60,12.31,192.800,188.800,103822,10357,2022-04-22 18:00
ACERINOX,9.924,-3.04,-0.31,-12.83,10.190,9.924,1166899,2685,2022-04-22 18:00
ACS,24.560,-1.64,-0.41,6.27,24.920,24.560,528422,7237,2022-04-22 18:00
AENA,148.850,-1.39,-2.10,7.24,152.250,148.400,94942,22328,2022-04-22 18:00
ALMIRALL,11.960,-1.08,-0.13,5.84,12.100,11.880,288129,2150,2022-04-22 18:00
AMADEUS IT GROUP,59.120,-1.79,-1.08,-0.87,60.560,59.000,657143,26634,2022-04-22 18:00
ARCELORMITTAL,29.550,-4.06,-1.25,4.14,30.495,29.550,596470,27712,2022-04-22 18:00
BANCO SABADELL,0.781,-2.62,-0.02,37.09,0.820,0.779,36732580,4392,2022-04-22 18:00
BANKINTER,5.570,-0.57,-0.03,24.94,5.766,5.532,3499578,5007,2022-04-22 18:00
BBVA,5.006,-2.83,-0.15,-0.28,5.168,5.006,15307329,33379,2022-04-22 18:00
CAIXABANK,3.090,-1.31,-0.04,34.25,3.170,3.062,10115198,24907,2022-04-22 18:00
CELLNEX TELECOM,45.140,-0.97,-0.44,-11.80,45.710,44.860,921914,30665,2022-04-22 18:00
CIE AUTOMOTIVE,20.440,-2.57,-0.54,-24.30,20.820,20.340,198445,2505,2022-04-22 18:00
COLONIAL,8.130,-1.93,-0.16,-1.45,8.245,8.125,711359,4387,2022-04-22 18:00
ENAGAS,20.480,-0.15,-0.03,0.39,20.590,20.220,857643,5366,2022-04-22 18:00
ENDESA,19.860,0.00,0.00,-1.68,19.995,19.525,805122,21027,2022-04-22 18:00
FERROVIAL,24.470,-4.26,-1.09,-11.21,25.190,24.470,1133309,17951,2022-04-22 18:00
FLUIDRA,26.040,-2.25,-0.60,-26.02,26.400,25.920,301341,5094,2022-04-22 18:00
GRIFOLS,16.230,-2.58,-0.43,-3.82,16.930,16.170,1047657,6916,2022-04-22 18:00
IAG,1.781,-3.34,-0.06,4.52,1.854,1.778,19191936,8854,2022-04-22 18:00
IBERDROLA,10.435,-0.81,-0.09,1.93,10.595,10.375,50111360,67176,2022-04-22 18:00
INDITEX,20.320,-3.65,-0.77,-28.78,20.920,20.320,5143219,63330,2022-04-22 18:00
INDRA,9.250,-1.80,-0.17,-2.84,9.320,9.085,815633,1634,2022-04-22 18:00
MAPFRE,1.900,-2.06,-0.04,5.23,1.944,1.900,3282265,5851,2022-04-22 18:00
MELIÁ HOTELS,6.995,-3.38,-0.24,16.54,7.230,6.995,652096,1542,2022-04-22 18:00
MERLIN PROP,10.820,-0.28,-0.03,13.06,10.950,10.650,1383421,5083,2022-04-22 18:00
NATURGY,28.730,-0.73,-0.21,2.45,29.030,28.500,376499,27857,2022-04-22 18:00
PHARMA MAR,76.300,-0.10,-0.08,33.81,77.120,76.080,46170,1400,2022-04-22 18:00
RED ELÉCTRICA,18.555,0.46,0.09,-1.06,18.730,18.450,1552882,10040,2022-04-22 18:00
REPSOL,13.195,-3.51,-0.48,29.94,13.535,12.730,6243248,20688,2022-04-22 18:00
ROVI,62.500,-3.85,-2.50,-15.31,64.800,62.350,105427,3504,2022-04-22 18:00
SANTANDER,3.166,-1.98,-0.06,7.67,3.240,3.166,38807352,54900,2022-04-22 18:00
SIEMENS GAMESA,15.160,-3.44,-0.54,-28.05,15.750,15.130,4915524,10326,2022-04-22 18:00
SOLARIA,21.190,-1.49,-0.32,23.77,21.850,21.090,1684265,2648,2022-04-22 18:00
TELEFÓNICA,4.845,0.12,0.01,25.78,4.900,4.777,11611595,27999,2022-04-22 18:00
