ACCIONA,190.400,-0.52,-1.00,13.27,192.800,189.300,66720,10445,2022-04-22 16:16
ACERINOX,10.040,-1.91,-0.19,-11.81,10.190,9.990,805744,2716,2022-04-22 16:15
ACS,24.670,-1.20,-0.30,6.75,24.920,24.620,227244,7269,2022-04-22 16:16
AENA,148.550,-1.59,-2.40,7.02,152.250,148.400,46504,22282,2022-04-22 16:15
ALMIRALL,11.950,-1.16,-0.14,5.75,12.100,11.880,209002,2148,2022-04-22 16:16
AMADEUS IT GROUP,59.400,-1.33,-0.80,-0.40,60.560,59.100,284982,26760,2022-04-22 16:16
ARCELORMITTAL,29.785,-3.30,-1.01,4.97,30.495,29.730,455075,27933,2022-04-22 16:16
BANCO SABADELL,0.784,-2.25,-0.02,37.62,0.820,0.779,28947716,4409,2022-04-22 16:16
BANKINTER,5.538,-1.14,-0.06,24.22,5.766,5.534,2709262,4978,2022-04-22 16:16
BBVA,5.032,-2.33,-0.12,0.24,5.168,5.019,7946785,33553,2022-04-22 16:16
CAIXABANK,3.076,-1.76,-0.06,33.64,3.170,3.062,5664017,24795,2022-04-22 16:16
CELLNEX TELECOM,45.390,-0.42,-0.19,-11.31,45.710,44.860,350998,30835,2022-04-22 16:15
CIE AUTOMOTIVE,20.580,-1.91,-0.40,-23.78,20.820,20.340,145520,2522,2022-04-22 16:16
COLONIAL,8.145,-1.75,-0.14,-1.27,8.245,8.125,353907,4395,2022-04-22 16:13
ENAGAS,20.540,0.15,0.03,0.69,20.590,20.220,393356,5381,2022-04-22 16:16
ENDESA,19.965,0.53,0.10,-1.16,19.995,19.525,338799,21138,2022-04-22 16:16
FERROVIAL,24.700,-3.36,-0.86,-10.38,25.190,24.540,475570,18120,2022-04-22 16:16
FLUIDRA,26.160,-1.80,-0.48,-25.68,26.400,25.920,172173,5118,2022-04-22 16:16
GRIFOLS,16.340,-1.92,-0.32,-3.17,16.930,16.205,638534,6963,2022-04-22 16:16
IAG,1.791,-2.77,-0.05,5.13,1.854,1.788,15032176,8906,2022-04-22 16:16
IBERDROLA,10.550,0.29,0.03,3.05,10.595,10.375,4751753,67916,2022-04-22 16:16
INDITEX,20.600,-2.32,-0.49,-27.80,20.920,20.510,2101158,64203,2022-04-22 16:16
INDRA,9.260,-1.70,-0.16,-2.73,9.320,9.085,641875,1636,2022-04-22 16:16
MAPFRE,1.907,-1.70,-0.03,5.62,1.944,1.904,2240667,5873,2022-04-22 16:16
MELIÁ HOTELS,7.090,-2.07,-0.15,18.13,7.230,7.005,373565,1563,2022-04-22 16:16
MERLIN PROP,10.860,0.09,0.01,13.48,10.950,10.650,816992,5102,2022-04-22 16:16
NATURGY,28.860,-0.28,-0.08,2.91,29.030,28.500,89237,27983,2022-04-22 16:14
PHARMA MAR,76.580,0.26,0.20,34.30,77.120,76.160,30807,1406,2022-04-22 16:15
RED ELÉCTRICA,18.610,0.76,0.14,-0.76,18.730,18.450,666053,10069,2022-04-22 16:16
REPSOL,13.310,-2.67,-0.36,31.07,13.535,12.730,3769136,20869,2022-04-22 16:16
ROVI,62.350,-4.08,-2.65,-15.51,64.800,62.350,68341,3496,2022-04-22 16:16
SANTANDER,3.174,-1.72,-0.06,7.96,3.240,3.170,22535946,55048,2022-04-22 16:16
SIEMENS GAMESA,15.285,-2.64,-0.41,-27.46,15.750,15.130,1043903,10411,2022-04-22 16:16
SOLARIA,21.270,-1.12,-0.24,24.24,21.850,21.090,350791,2658,2022-04-22 16:16
TELEFÓNICA,4.830,-0.19,-0.01,25.39,4.900,4.777,6196827,27913,2022-04-22 16:15
