ACCIONA,191.400,0.00,0.00,13.86,192.800,189.300,35847,10500,2022-04-22 13:15
ACERINOX,10.020,-2.10,-0.21,-11.99,10.190,10.015,552618,2711,2022-04-22 13:14
ACS,24.730,-0.96,-0.24,7.01,24.920,24.620,167037,7287,2022-04-22 13:15
AENA,149.700,-0.83,-1.25,7.85,152.250,148.450,28613,22455,2022-04-22 13:11
ALMIRALL,11.940,-1.24,-0.15,5.66,12.100,11.880,117071,2147,2022-04-22 13:11
AMADEUS IT GROUP,59.480,-1.20,-0.72,-0.27,60.560,59.100,174920,26796,2022-04-22 13:14
ARCELORMITTAL,29.900,-2.92,-0.90,5.37,30.495,29.800,350694,28041,2022-04-22 13:16
BANCO SABADELL,0.793,-1.05,-0.01,39.30,0.820,0.788,21271292,4463,2022-04-22 13:15
BANKINTER,5.660,1.04,0.06,26.95,5.766,5.638,1888268,5088,2022-04-22 13:16
BBVA,5.076,-1.48,-0.08,1.12,5.168,5.060,5583167,33846,2022-04-22 13:15
CAIXABANK,3.094,-1.18,-0.04,34.42,3.170,3.083,3797014,24940,2022-04-22 13:15
CELLNEX TELECOM,45.500,-0.18,-0.08,-11.10,45.710,44.860,230143,30909,2022-04-22 13:14
CIE AUTOMOTIVE,20.440,-2.57,-0.54,-24.30,20.820,20.340,114630,2505,2022-04-22 13:13
COLONIAL,8.165,-1.51,-0.12,-1.03,8.245,8.125,214777,4406,2022-04-22 13:14
ENAGAS,20.510,0.00,0.00,0.54,20.570,20.220,281075,5373,2022-04-22 13:16
ENDESA,19.890,0.15,0.03,-1.53,19.940,19.525,188504,21059,2022-04-22 13:15
FERROVIAL,24.710,-3.33,-0.85,-10.34,25.190,24.540,324436,18127,2022-04-22 13:15
FLUIDRA,26.200,-1.65,-0.44,-25.57,26.300,25.920,120736,5125,2022-04-22 13:13
GRIFOLS,16.435,-1.35,-0.23,-2.61,16.930,16.205,485919,7003,2022-04-22 13:13
IAG,1.803,-2.14,-0.04,5.81,1.854,1.788,11355167,8964,2022-04-22 13:15
IBERDROLA,10.540,0.19,0.02,2.96,10.590,10.375,2972791,67852,2022-04-22 13:15
INDITEX,20.720,-1.75,-0.37,-27.37,20.920,20.610,1472495,64577,2022-04-22 13:16
INDRA,9.270,-1.59,-0.15,-2.63,9.320,9.085,572282,1638,2022-04-22 13:14
MAPFRE,1.925,-0.77,-0.02,6.62,1.944,1.920,1471483,5928,2022-04-22 13:16
MELIÁ HOTELS,7.160,-1.10,-0.08,19.29,7.230,7.005,259245,1578,2022-04-22 13:14
MERLIN PROP,10.910,0.55,0.06,14.00,10.920,10.650,353057,5125,2022-04-22 13:14
NATURGY,29.010,0.24,0.07,3.45,29.030,28.500,60428,28128,2022-04-22 13:14
PHARMA MAR,76.780,0.52,0.40,34.65,77.120,76.160,21204,1409,2022-04-22 13:16
RED ELÉCTRICA,18.620,0.81,0.15,-0.71,18.730,18.450,518718,10075,2022-04-22 13:15
REPSOL,13.380,-2.16,-0.30,31.76,13.535,12.730,2908422,20978,2022-04-22 13:16
ROVI,63.350,-2.54,-1.65,-14.16,64.800,63.350,39282,3552,2022-04-22 13:15
SANTANDER,3.191,-1.21,-0.04,8.52,3.240,3.180,13468101,55334,2022-04-22 13:15
SIEMENS GAMESA,15.230,-2.99,-0.47,-27.72,15.750,15.180,714241,10374,2022-04-22 13:16
SOLARIA,21.810,1.39,0.30,27.39,21.810,21.090,245836,2725,2022-04-22 13:16
TELEFÓNICA,4.885,0.95,0.05,26.82,4.900,4.777,4708915,28231,2022-04-22 13:16
