ACCIONA,191.100,-0.16,-0.30,13.68,192.800,189.300,18828,10483,2022-04-22 11:15
ACERINOX,10.105,-1.27,-0.13,-11.24,10.190,10.020,387194,2734,2022-04-22 11:16
ACS,24.810,-0.64,-0.16,7.35,24.920,24.620,114248,7311,2022-04-22 11:16
AENA,149.850,-0.73,-1.10,7.96,152.250,148.450,20798,22478,2022-04-22 11:15
ALMIRALL,12.040,-0.41,-0.05,6.55,12.100,11.880,100020,2165,2022-04-22 11:14
AMADEUS IT GROUP,60.040,-0.27,-0.16,0.67,60.560,59.100,132186,27048,2022-04-22 11:15
ARCELORMITTAL,30.220,-1.88,-0.58,6.50,30.495,29.960,220393,28341,2022-04-22 11:16
BANCO SABADELL,0.803,0.12,0.00,40.96,0.820,0.790,15628785,4516,2022-04-22 11:16
BANKINTER,5.680,1.39,0.08,27.40,5.766,5.638,1546996,5106,2022-04-22 11:16
BBVA,5.105,-0.91,-0.05,1.69,5.168,5.093,3558253,34040,2022-04-22 11:16
CAIXABANK,3.116,-0.48,-0.02,35.38,3.170,3.089,2681280,25117,2022-04-22 11:15
CELLNEX TELECOM,45.540,-0.09,-0.04,-11.02,45.700,44.860,151543,30937,2022-04-22 11:16
CIE AUTOMOTIVE,20.700,-1.33,-0.28,-23.33,20.820,20.600,54643,2537,2022-04-22 11:02
COLONIAL,8.175,-1.39,-0.11,-0.91,8.245,8.170,98800,4411,2022-04-22 11:09
ENAGAS,20.470,-0.20,-0.04,0.34,20.570,20.220,215066,5363,2022-04-22 11:14
ENDESA,19.865,0.03,0.00,-1.66,19.940,19.525,117300,21032,2022-04-22 11:15
FERROVIAL,24.880,-2.66,-0.68,-9.72,25.190,24.670,180157,18252,2022-04-22 11:14
FLUIDRA,26.260,-1.43,-0.38,-25.40,26.300,25.920,96576,5137,2022-04-22 11:10
GRIFOLS,16.720,0.36,0.06,-0.92,16.930,16.205,338351,7125,2022-04-22 11:13
IAG,1.799,-2.36,-0.04,5.58,1.854,1.793,8505000,8944,2022-04-22 11:16
IBERDROLA,10.550,0.29,0.03,3.05,10.590,10.375,1922933,67916,2022-04-22 11:15
INDITEX,20.860,-1.09,-0.23,-26.88,20.920,20.610,1025626,65013,2022-04-22 11:16
INDRA,9.265,-1.65,-0.15,-2.68,9.265,9.085,474329,1637,2022-04-22 11:15
MAPFRE,1.933,-0.36,-0.01,7.06,1.944,1.920,752037,5953,2022-04-22 11:16
MELIÁ HOTELS,7.185,-0.76,-0.05,19.71,7.230,7.005,212165,1584,2022-04-22 11:14
MERLIN PROP,10.810,-0.37,-0.04,12.96,10.820,10.650,166429,5078,2022-04-22 11:09
NATURGY,28.770,-0.59,-0.17,2.59,28.990,28.500,33735,27896,2022-04-22 11:14
PHARMA MAR,76.900,0.68,0.52,34.86,77.120,76.160,14504,1411,2022-04-22 11:16
RED ELÉCTRICA,18.535,0.35,0.07,-1.16,18.730,18.485,336399,10029,2022-04-22 11:15
REPSOL,13.335,-2.49,-0.34,31.31,13.535,12.730,2334446,20908,2022-04-22 11:16
ROVI,63.950,-1.62,-1.05,-13.35,64.800,63.950,25760,3586,2022-04-22 11:16
SANTANDER,3.206,-0.74,-0.02,9.03,3.240,3.180,7499419,55594,2022-04-22 11:16
SIEMENS GAMESA,15.225,-3.03,-0.47,-27.74,15.750,15.180,521547,10370,2022-04-22 11:15
SOLARIA,21.650,0.65,0.14,26.46,21.800,21.090,159981,2705,2022-04-22 11:15
TELEFÓNICA,4.877,0.79,0.04,26.61,4.877,4.777,3068937,28184,2022-04-22 11:16
