ACCIONA,192.400,0.52,1.00,14.46,192.700,189.300,14828,10554,2022-04-22 10:12
ACERINOX,10.160,-0.73,-0.07,-10.76,10.190,10.020,301518,2749,2022-04-22 10:13
ACS,24.850,-0.48,-0.12,7.53,24.920,24.620,74180,7322,2022-04-22 10:13
AENA,150.550,-0.26,-0.40,8.47,152.250,148.450,14612,22582,2022-04-22 10:14
ALMIRALL,12.010,-0.66,-0.08,6.28,12.100,11.880,74718,2159,2022-04-22 10:13
AMADEUS IT GROUP,59.860,-0.56,-0.34,0.37,60.560,59.100,91333,26967,2022-04-22 10:11
ARCELORMITTAL,30.350,-1.46,-0.45,6.96,30.495,29.960,169573,28463,2022-04-22 10:14
BANCO SABADELL,0.816,1.80,0.01,43.31,0.820,0.790,11222861,4592,2022-04-22 10:13
BANKINTER,5.718,2.07,0.12,28.26,5.766,5.638,1312754,5140,2022-04-22 10:14
BBVA,5.160,0.16,0.01,2.79,5.168,5.096,2386205,33884,2022-04-22 10:13
CAIXABANK,3.153,0.70,0.02,36.99,3.170,3.089,2081027,25415,2022-04-22 10:13
CELLNEX TELECOM,45.110,-1.03,-0.47,-11.86,45.700,44.860,114511,30644,2022-04-22 10:13
CIE AUTOMOTIVE,20.760,-1.05,-0.22,-23.11,20.820,20.600,37706,2544,2022-04-22 10:01
COLONIAL,8.175,-1.39,-0.11,-0.91,8.245,8.170,68690,4411,2022-04-22 10:13
ENAGAS,20.510,0.00,0.00,0.54,20.550,20.220,178875,5373,2022-04-22 10:13
ENDESA,19.865,0.03,0.00,-1.66,19.915,19.525,79316,21032,2022-04-22 10:13
FERROVIAL,25.060,-1.96,-0.50,-9.07,25.190,24.670,138457,18384,2022-04-22 10:13
FLUIDRA,26.240,-1.50,-0.40,-25.45,26.300,25.920,78611,5133,2022-04-22 10:08
GRIFOLS,16.790,0.78,0.13,-0.50,16.880,16.205,232407,7155,2022-04-22 10:13
IAG,1.819,-1.28,-0.02,6.75,1.854,1.802,5212938,9043,2022-04-22 10:13
IBERDROLA,10.510,-0.10,-0.01,2.66,10.545,10.375,1420050,67659,2022-04-22 10:14
INDITEX,20.770,-1.52,-0.32,-27.20,20.900,20.610,828852,64733,2022-04-22 10:13
INDRA,9.110,-3.29,-0.31,-4.31,9.240,9.085,383246,1609,2022-04-22 10:12
MAPFRE,1.929,-0.57,-0.01,6.84,1.936,1.920,267987,5940,2022-04-22 10:11
MELIÁ HOTELS,7.220,-0.28,-0.02,20.29,7.230,7.005,169936,1591,2022-04-22 10:11
MERLIN PROP,10.760,-0.83,-0.09,12.43,10.760,10.650,105454,5055,2022-04-22 10:13
NATURGY,28.930,-0.03,-0.01,3.16,28.990,28.500,28184,28051,2022-04-22 10:12
PHARMA MAR,76.500,0.16,0.12,34.16,77.120,76.160,10138,1404,2022-04-22 10:13
RED ELÉCTRICA,18.570,0.54,0.10,-0.98,18.730,18.485,282296,10048,2022-04-22 10:12
REPSOL,13.320,-2.60,-0.36,31.17,13.535,12.730,1625549,20884,2022-04-22 10:14
ROVI,64.450,-0.85,-0.55,-12.67,64.800,64.000,14353,3614,2022-04-22 10:12
SANTANDER,3.236,0.19,0.01,10.05,3.240,3.180,5596739,56114,2022-04-22 10:14
SIEMENS GAMESA,15.225,-3.03,-0.47,-27.74,15.750,15.225,400714,10370,2022-04-22 10:14
SOLARIA,21.550,0.19,0.04,25.88,21.740,21.090,112068,2693,2022-04-22 10:13
TELEFÓNICA,4.867,0.58,0.03,26.35,4.867,4.777,2177150,28127,2022-04-22 10:13
