ACCIONA,190.600,-0.42,-0.80,13.38,192.800,189.300,26862,10456,2022-04-22 12:12
ACERINOX,10.045,-1.86,-0.19,-11.77,10.190,10.020,453020,2718,2022-04-22 12:12
ACS,24.710,-1.04,-0.26,6.92,24.920,24.620,137624,7281,2022-04-22 12:13
AENA,149.500,-0.96,-1.45,7.71,152.250,148.450,26515,22425,2022-04-22 12:13
ALMIRALL,11.990,-0.83,-0.10,6.11,12.100,11.880,111275,2156,2022-04-22 12:11
AMADEUS IT GROUP,59.380,-1.36,-0.82,-0.44,60.560,59.100,160462,26751,2022-04-22 12:12
ARCELORMITTAL,29.895,-2.94,-0.90,5.36,30.495,29.850,304469,28036,2022-04-22 12:13
BANCO SABADELL,0.791,-1.32,-0.01,38.92,0.820,0.788,20104784,4451,2022-04-22 12:13
BANKINTER,5.654,0.93,0.05,26.82,5.766,5.638,1800424,5082,2022-04-22 12:14
BBVA,5.075,-1.49,-0.08,1.10,5.168,5.060,5099831,33840,2022-04-22 12:14
CAIXABANK,3.090,-1.31,-0.04,34.25,3.170,3.083,3358800,24907,2022-04-22 12:13
CELLNEX TELECOM,45.540,-0.09,-0.04,-11.02,45.710,44.860,200276,30937,2022-04-22 12:13
CIE AUTOMOTIVE,20.480,-2.38,-0.50,-24.15,20.820,20.460,90527,2510,2022-04-22 12:09
COLONIAL,8.160,-1.57,-0.13,-1.09,8.245,8.150,165167,4403,2022-04-22 12:12
ENAGAS,20.490,-0.10,-0.02,0.44,20.570,20.220,240710,5368,2022-04-22 12:14
ENDESA,19.860,0.00,0.00,-1.68,19.940,19.525,150579,21027,2022-04-22 12:12
FERROVIAL,24.730,-3.25,-0.83,-10.27,25.190,24.540,295833,18142,2022-04-22 12:13
FLUIDRA,26.020,-2.33,-0.62,-26.08,26.300,25.920,101225,5090,2022-04-22 12:13
GRIFOLS,16.480,-1.08,-0.18,-2.34,16.930,16.205,406232,7023,2022-04-22 12:14
IAG,1.789,-2.88,-0.05,5.02,1.854,1.788,10465051,8896,2022-04-22 12:14
IBERDROLA,10.485,-0.33,-0.04,2.42,10.590,10.375,2420985,67498,2022-04-22 12:14
INDITEX,20.700,-1.85,-0.39,-27.44,20.920,20.610,1311223,64515,2022-04-22 12:13
INDRA,9.280,-1.49,-0.14,-2.52,9.320,9.085,529119,1639,2022-04-22 12:12
MAPFRE,1.926,-0.72,-0.01,6.67,1.944,1.920,1352048,5931,2022-04-22 12:12
MELIÁ HOTELS,7.170,-0.97,-0.07,19.46,7.230,7.005,238585,1580,2022-04-22 12:11
MERLIN PROP,10.840,-0.09,-0.01,13.27,10.860,10.650,237795,5092,2022-04-22 12:13
NATURGY,28.940,0.00,0.00,3.20,28.990,28.500,41056,28061,2022-04-22 12:12
PHARMA MAR,76.780,0.52,0.40,34.65,77.120,76.160,19484,1409,2022-04-22 12:13
RED ELÉCTRICA,18.510,0.22,0.04,-1.30,18.730,18.450,475750,10015,2022-04-22 12:13
REPSOL,13.340,-2.45,-0.34,31.36,13.535,12.730,2703785,20916,2022-04-22 12:14
ROVI,63.600,-2.15,-1.40,-13.82,64.800,63.400,32976,3566,2022-04-22 12:12
SANTANDER,3.188,-1.32,-0.04,8.40,3.240,3.180,11827609,55273,2022-04-22 12:13
SIEMENS GAMESA,15.215,-3.09,-0.48,-27.79,15.750,15.180,617258,10364,2022-04-22 12:14
SOLARIA,21.700,0.88,0.19,26.75,21.800,21.090,199321,2711,2022-04-22 12:13
TELEFÓNICA,4.883,0.91,0.04,26.77,4.900,4.777,4022988,28219,2022-04-22 12:13
