ACCIONA,191.600,1.11,2.10,13.98,191.600,187.800,36770,10511,2022-04-27 15:24
ACERINOX,9.720,2.86,0.27,-14.62,9.788,9.460,693297,2630,2022-04-27 15:25
ACS,24.750,0.45,0.11,7.09,24.970,24.240,393040,7293,2022-04-27 15:16
AENA,142.550,-3.49,-5.15,2.70,146.000,139.750,96827,21382,2022-04-27 15:23
ALMIRALL,12.150,0.00,0.00,7.52,12.200,11.970,119002,2184,2022-04-27 15:24
AMADEUS IT GROUP,59.180,0.10,0.06,-0.77,59.960,57.840,234216,26661,2022-04-27 15:24
ARCELORMITTAL,27.740,3.18,0.85,-2.24,27.900,26.700,398821,26015,2022-04-27 15:25
BANCO SABADELL,0.713,0.65,0.00,25.15,0.725,0.699,19035660,4010,2022-04-27 15:25
BANKINTER,5.452,0.41,0.02,22.29,5.500,5.384,1103143,4901,2022-04-27 15:25
BBVA,4.655,-0.59,-0.03,-7.27,4.780,4.641,11218814,30568,2022-04-27 15:25
CAIXABANK,2.936,0.03,0.00,27.56,2.982,2.904,3909331,23666,2022-04-27 15:24
CELLNEX TELECOM,45.760,1.92,0.86,-10.59,45.950,44.810,410255,31086,2022-04-27 15:25
CIE AUTOMOTIVE,19.630,0.67,0.13,-27.30,19.910,19.330,147622,2406,2022-04-27 15:24
COLONIAL,8.260,0.79,0.07,0.12,8.280,8.140,474770,4457,2022-04-27 15:23
ENAGAS,20.640,1.38,0.28,1.18,20.670,20.110,262780,5407,2022-04-27 15:24
ENDESA,20.220,1.00,0.20,0.10,20.250,19.790,254540,21408,2022-04-27 15:20
FERROVIAL,24.750,-0.04,-0.01,-10.20,25.130,24.290,344809,18157,2022-04-27 15:22
FLUIDRA,25.180,0.64,0.16,-28.47,25.300,24.800,166037,4926,2022-04-27 15:23
GRIFOLS,16.055,-3.49,-0.58,-4.86,16.510,15.990,524744,6842,2022-04-27 15:24
IAG,1.678,-0.12,-0.00,-1.56,1.701,1.625,13587853,8340,2022-04-27 15:24
IBERDROLA,10.745,1.90,0.20,4.96,10.785,10.375,6345056,69172,2022-04-27 15:24
INDITEX,20.340,0.39,0.08,-28.71,20.490,20.130,1311234,63393,2022-04-27 15:25
INDRA,9.195,0.33,0.03,-3.41,9.260,9.045,342315,1624,2022-04-27 15:24
MAPFRE,1.860,-0.27,-0.00,3.02,1.885,1.839,1951920,5728,2022-04-27 15:22
MELIÁ HOTELS,7.365,-0.61,-0.05,22.71,7.470,7.260,436266,1623,2022-04-27 15:25
MERLIN PROP,10.720,-0.19,-0.02,12.02,10.750,10.490,265427,5036,2022-04-27 15:22
NATURGY,29.300,1.17,0.34,4.48,29.430,28.590,88908,28410,2022-04-27 15:21
PHARMA MAR,71.280,0.88,0.62,25.01,71.940,70.440,34703,1308,2022-04-27 15:23
RED ELÉCTRICA,19.030,1.63,0.31,1.48,19.070,18.410,302662,10297,2022-04-27 15:24
REPSOL,12.890,1.78,0.23,26.93,12.985,12.595,2475789,20210,2022-04-27 15:24
ROVI,62.400,0.40,0.25,-15.45,62.450,60.950,42759,3499,2022-04-27 15:23
SANTANDER,2.807,-1.37,-0.04,-4.52,2.900,2.800,54173208,48684,2022-04-27 15:25
SIEMENS GAMESA,14.715,-0.64,-0.10,-30.16,15.155,14.490,760437,10023,2022-04-27 15:25
SOLARIA,21.190,1.29,0.27,23.77,21.700,20.800,266651,2648,2022-04-27 15:25
TELEFÓNICA,4.718,-0.59,-0.03,22.48,4.740,4.670,6248183,27266,2022-04-27 15:25
