ACCIONA,190.400,0.47,0.90,13.27,190.600,187.800,19133,10445,2022-04-27 11:56
ACERINOX,9.714,2.79,0.26,-14.68,9.754,9.460,410854,2628,2022-04-27 11:59
ACS,24.910,1.10,0.27,7.79,24.920,24.240,186344,7340,2022-04-27 11:57
AENA,143.500,-2.84,-4.20,3.39,146.000,139.750,63404,21525,2022-04-27 11:58
ALMIRALL,12.140,-0.08,-0.01,7.43,12.190,11.970,41271,2182,2022-04-27 11:29
AMADEUS IT GROUP,59.360,0.41,0.24,-0.47,59.960,57.840,154571,26742,2022-04-27 11:58
ARCELORMITTAL,27.440,2.06,0.56,-3.30,27.545,26.700,217080,25734,2022-04-27 11:56
BANCO SABADELL,0.720,1.69,0.01,26.45,0.724,0.699,13327910,4051,2022-04-27 11:57
BANKINTER,5.498,1.25,0.07,23.32,5.500,5.384,862013,4942,2022-04-27 11:58
BBVA,4.690,0.17,0.01,-6.56,4.780,4.651,6331851,30801,2022-04-27 11:59
CAIXABANK,2.950,0.51,0.02,28.17,2.982,2.904,2605664,23779,2022-04-27 11:59
CELLNEX TELECOM,45.410,1.14,0.51,-11.27,45.450,44.810,234876,30848,2022-04-27 11:59
CIE AUTOMOTIVE,19.860,1.85,0.36,-26.44,19.910,19.330,113776,2434,2022-04-27 11:54
COLONIAL,8.275,0.98,0.08,0.30,8.280,8.140,230246,4465,2022-04-27 11:57
ENAGAS,20.560,0.98,0.20,0.78,20.610,20.110,161597,5387,2022-04-27 11:59
ENDESA,20.200,0.90,0.18,0.00,20.250,19.790,151689,21387,2022-04-27 11:55
FERROVIAL,25.060,1.21,0.30,-9.07,25.070,24.290,206416,18384,2022-04-27 11:59
FLUIDRA,25.060,0.16,0.04,-28.81,25.180,24.800,128964,4902,2022-04-27 11:56
GRIFOLS,16.055,-3.49,-0.58,-4.86,16.510,15.990,340972,6842,2022-04-27 11:58
IAG,1.679,-0.03,-0.00,-1.47,1.701,1.625,10590536,8347,2022-04-27 11:58
IBERDROLA,10.675,1.23,0.13,4.27,10.710,10.375,3853630,68721,2022-04-27 11:58
INDITEX,20.440,0.89,0.18,-28.36,20.490,20.130,816308,63704,2022-04-27 11:58
INDRA,9.205,0.44,0.04,-3.31,9.260,9.045,268154,1626,2022-04-27 11:52
MAPFRE,1.863,-0.11,-0.00,3.18,1.885,1.839,1280807,5737,2022-04-27 11:56
MELIÁ HOTELS,7.450,0.54,0.04,24.13,7.460,7.260,311289,1642,2022-04-27 11:56
MERLIN PROP,10.680,-0.56,-0.06,11.60,10.680,10.490,159631,5017,2022-04-27 11:58
NATURGY,29.260,1.04,0.30,4.34,29.350,28.590,61130,28371,2022-04-27 11:54
PHARMA MAR,71.160,0.71,0.50,24.80,71.940,70.440,25201,1306,2022-04-27 11:59
RED ELÉCTRICA,18.900,0.93,0.17,0.78,19.035,18.410,163023,10226,2022-04-27 11:56
REPSOL,12.890,1.78,0.23,26.93,12.985,12.595,1663140,20210,2022-04-27 11:59
ROVI,61.950,-0.32,-0.20,-16.06,62.150,60.950,26971,3473,2022-04-27 11:57
SANTANDER,2.828,-0.65,-0.02,-3.83,2.900,2.800,34803908,49039,2022-04-27 11:59
SIEMENS GAMESA,14.990,1.22,0.18,-28.86,15.155,14.490,588539,10210,2022-04-27 11:58
SOLARIA,21.480,2.68,0.56,25.47,21.700,20.800,191357,2684,2022-04-27 11:58
TELEFÓNICA,4.683,-1.33,-0.06,21.57,4.740,4.670,4765930,27063,2022-04-27 11:58
