ACCIONA,190.400,0.47,0.90,13.27,190.600,187.800,29299,10445,2022-04-27 14:14
ACERINOX,9.750,3.17,0.30,-14.36,9.788,9.460,662117,2638,2022-04-27 14:15
ACS,24.750,0.45,0.11,7.09,24.970,24.240,351208,7293,2022-04-27 14:13
AENA,142.350,-3.62,-5.35,2.56,146.000,139.750,89767,21352,2022-04-27 14:14
ALMIRALL,12.130,-0.16,-0.02,7.35,12.200,11.970,87153,2181,2022-04-27 14:15
AMADEUS IT GROUP,59.280,0.27,0.16,-0.60,59.960,57.840,220836,26706,2022-04-27 14:15
ARCELORMITTAL,27.820,3.48,0.93,-1.96,27.900,26.700,371079,26090,2022-04-27 14:14
BANCO SABADELL,0.721,1.86,0.01,26.66,0.725,0.699,17090690,4058,2022-04-27 14:15
BANKINTER,5.474,0.81,0.04,22.78,5.500,5.384,1029731,4920,2022-04-27 14:15
BBVA,4.680,-0.05,-0.00,-6.77,4.780,4.651,9539202,30732,2022-04-27 14:15
CAIXABANK,2.955,0.68,0.02,28.38,2.982,2.904,3577593,23819,2022-04-27 14:15
CELLNEX TELECOM,45.600,1.56,0.70,-10.90,45.950,44.810,360812,30977,2022-04-27 14:15
CIE AUTOMOTIVE,19.740,1.23,0.24,-26.89,19.910,19.330,136402,2419,2022-04-27 14:14
COLONIAL,8.275,0.98,0.08,0.30,8.280,8.140,372224,4465,2022-04-27 14:09
ENAGAS,20.640,1.38,0.28,1.18,20.660,20.110,238013,5407,2022-04-27 14:14
ENDESA,20.160,0.70,0.14,-0.20,20.250,19.790,224458,21344,2022-04-27 14:15
FERROVIAL,24.770,0.04,0.01,-10.12,25.130,24.290,313037,18171,2022-04-27 14:14
FLUIDRA,25.260,0.96,0.24,-28.24,25.300,24.800,154773,4942,2022-04-27 14:15
GRIFOLS,16.240,-2.37,-0.40,-3.76,16.510,15.990,471089,6920,2022-04-27 14:14
IAG,1.680,0.03,0.00,-1.41,1.701,1.625,13208497,8352,2022-04-27 14:14
IBERDROLA,10.695,1.42,0.15,4.47,10.715,10.375,5502780,68850,2022-04-27 14:15
INDITEX,20.450,0.94,0.19,-28.32,20.490,20.130,1197424,63736,2022-04-27 14:14
INDRA,9.215,0.55,0.05,-3.20,9.260,9.045,313878,1628,2022-04-27 14:12
MAPFRE,1.866,0.05,0.00,3.35,1.885,1.839,1745953,5746,2022-04-27 14:10
MELIÁ HOTELS,7.430,0.27,0.02,23.79,7.470,7.260,400259,1638,2022-04-27 14:14
MERLIN PROP,10.740,0.00,0.00,12.23,10.750,10.490,239280,5045,2022-04-27 14:14
NATURGY,29.270,1.07,0.31,4.38,29.430,28.590,81459,28381,2022-04-27 14:13
PHARMA MAR,71.300,0.91,0.64,25.04,71.940,70.440,32975,1309,2022-04-27 14:15
RED ELÉCTRICA,19.000,1.47,0.27,1.32,19.070,18.410,263481,10281,2022-04-27 14:15
REPSOL,12.850,1.46,0.19,26.54,12.985,12.595,2183256,20147,2022-04-27 14:15
ROVI,62.250,0.16,0.10,-15.65,62.350,60.950,37469,3490,2022-04-27 14:15
SANTANDER,2.832,-0.53,-0.01,-3.71,2.900,2.800,49537156,49100,2022-04-27 14:15
SIEMENS GAMESA,14.755,-0.37,-0.06,-29.97,15.155,14.490,709278,10050,2022-04-27 14:15
SOLARIA,21.220,1.43,0.30,23.95,21.700,20.800,249508,2651,2022-04-27 14:14
TELEFÓNICA,4.714,-0.67,-0.03,22.38,4.740,4.670,5920668,27242,2022-04-27 14:15
