ACCIONA,189.900,0.21,0.40,12.97,190.600,187.800,21393,10417,2022-04-27 12:28
ACERINOX,9.740,3.07,0.29,-14.45,9.754,9.460,502145,2635,2022-04-27 12:28
ACS,24.970,1.34,0.33,8.05,24.970,24.240,206921,7358,2022-04-27 12:28
AENA,145.050,-1.79,-2.65,4.50,146.000,139.750,67359,21758,2022-04-27 12:28
ALMIRALL,12.170,0.16,0.02,7.70,12.190,11.970,45145,2188,2022-04-27 12:20
AMADEUS IT GROUP,59.720,1.01,0.60,0.13,59.960,57.840,164628,26904,2022-04-27 12:29
ARCELORMITTAL,27.645,2.83,0.76,-2.57,27.670,26.700,257290,25926,2022-04-27 12:28
BANCO SABADELL,0.723,2.09,0.01,26.94,0.725,0.699,14409441,4067,2022-04-27 12:28
BANKINTER,5.478,0.88,0.05,22.87,5.500,5.384,889015,4924,2022-04-27 12:25
BBVA,4.684,0.03,0.00,-6.69,4.780,4.651,6961062,30758,2022-04-27 12:28
CAIXABANK,2.959,0.82,0.02,28.56,2.982,2.904,2815117,23851,2022-04-27 12:29
CELLNEX TELECOM,45.700,1.78,0.80,-10.71,45.710,44.810,262273,31045,2022-04-27 12:29
CIE AUTOMOTIVE,19.810,1.59,0.31,-26.63,19.910,19.330,116936,2428,2022-04-27 12:25
COLONIAL,8.250,0.67,0.06,0.00,8.280,8.140,254024,4452,2022-04-27 12:28
ENAGAS,20.590,1.13,0.23,0.93,20.610,20.110,188768,5394,2022-04-27 12:29
ENDESA,20.190,0.85,0.17,-0.05,20.250,19.790,164504,21376,2022-04-27 12:28
FERROVIAL,25.120,1.45,0.36,-8.85,25.130,24.290,221541,18428,2022-04-27 12:24
FLUIDRA,25.020,0.00,0.00,-28.92,25.180,24.800,134059,4895,2022-04-27 12:26
GRIFOLS,16.140,-2.98,-0.50,-4.36,16.510,15.990,373102,6878,2022-04-27 12:29
IAG,1.688,0.51,0.01,-0.94,1.701,1.625,11201893,8392,2022-04-27 12:29
IBERDROLA,10.665,1.14,0.12,4.18,10.710,10.375,4211787,68657,2022-04-27 12:29
INDITEX,20.400,0.69,0.14,-28.50,20.490,20.130,881786,63580,2022-04-27 12:29
INDRA,9.245,0.87,0.08,-2.89,9.260,9.045,275990,1633,2022-04-27 12:28
MAPFRE,1.869,0.21,0.00,3.52,1.885,1.839,1438514,5756,2022-04-27 12:29
MELIÁ HOTELS,7.460,0.67,0.05,24.29,7.470,7.260,329220,1644,2022-04-27 12:25
MERLIN PROP,10.670,-0.65,-0.07,11.49,10.690,10.490,161425,5012,2022-04-27 12:21
NATURGY,29.310,1.21,0.35,4.52,29.350,28.590,64181,28419,2022-04-27 12:27
PHARMA MAR,71.460,1.13,0.80,25.32,71.940,70.440,28279,1312,2022-04-27 12:29
RED ELÉCTRICA,18.960,1.25,0.23,1.10,19.035,18.410,186574,10259,2022-04-27 12:28
REPSOL,12.925,2.05,0.26,27.28,12.985,12.595,1744689,20265,2022-04-27 12:28
ROVI,62.150,0.00,0.00,-15.79,62.200,60.950,30639,3485,2022-04-27 12:27
SANTANDER,2.829,-0.61,-0.02,-3.79,2.900,2.800,38446812,49057,2022-04-27 12:28
SIEMENS GAMESA,14.845,0.24,0.03,-29.54,15.155,14.490,612239,10112,2022-04-27 12:28
SOLARIA,21.340,2.01,0.42,24.65,21.700,20.800,211974,2666,2022-04-27 12:28
TELEFÓNICA,4.690,-1.18,-0.06,21.75,4.740,4.670,4909108,27104,2022-04-27 12:28
