ACCIONA,193.600,-1.48,-2.90,15.17,195.800,192.700,22905,10620,2022-04-20 10:14
ACERINOX,10.010,0.85,0.08,-12.08,10.040,9.930,219206,2708,2022-04-20 10:14
ACS,24.920,0.73,0.18,7.83,24.990,24.810,78954,7343,2022-04-20 10:14
AENA,149.550,-0.40,-0.60,7.74,150.500,148.950,17770,22432,2022-04-20 10:13
ALMIRALL,12.240,-0.89,-0.11,8.32,12.330,12.230,33923,2200,2022-04-20 10:09
AMADEUS IT GROUP,56.660,-0.32,-0.18,-5.00,57.320,56.560,49486,25525,2022-04-20 10:11
ARCELORMITTAL,30.795,1.27,0.39,8.53,30.835,30.285,55486,28880,2022-04-20 10:14
BANCO SABADELL,0.760,2.59,0.02,33.44,0.764,0.744,6320012,4275,2022-04-20 10:14
BANKINTER,5.378,1.78,0.09,20.63,5.400,5.310,407297,4834,2022-04-20 10:14
BBVA,5.130,0.94,0.05,2.19,5.164,5.104,1713378,34206,2022-04-20 10:14
CAIXABANK,3.097,2.04,0.06,34.55,3.104,3.051,1769970,24964,2022-04-20 10:14
CELLNEX TELECOM,45.390,0.24,0.11,-11.31,45.940,45.230,86750,30835,2022-04-20 10:14
CIE AUTOMOTIVE,20.160,-0.10,-0.02,-25.33,20.360,20.140,26221,2471,2022-04-20 10:09
COLONIAL,8.155,-0.43,-0.03,-1.15,8.220,8.150,81234,4401,2022-04-20 10:08
ENAGAS,21.010,0.29,0.06,2.99,21.170,20.840,93917,5504,2022-04-20 10:13
ENDESA,19.585,0.75,0.14,-3.04,19.635,19.420,67744,20736,2022-04-20 10:13
FERROVIAL,25.150,-0.75,-0.19,-8.74,25.440,24.960,92470,18450,2022-04-20 10:12
FLUIDRA,24.920,-0.32,-0.08,-29.20,25.260,24.840,105057,4875,2022-04-20 10:13
GRIFOLS,16.090,0.31,0.05,-4.65,16.350,16.015,269474,6856,2022-04-20 10:14
IAG,1.714,-1.47,-0.03,0.62,1.751,1.712,3666691,8524,2022-04-20 10:14
IBERDROLA,10.475,0.10,0.01,2.32,10.535,10.410,994581,67433,2022-04-20 10:14
INDITEX,20.730,-0.19,-0.04,-27.34,21.020,20.700,437246,64608,2022-04-20 10:14
INDRA,9.290,1.47,0.14,-2.42,9.305,9.100,88871,1641,2022-04-20 10:14
MAPFRE,1.906,-0.26,-0.00,5.57,1.920,1.901,307630,5870,2022-04-20 10:14
MELIÁ HOTELS,7.035,-0.21,-0.02,17.21,7.140,7.010,131442,1551,2022-04-20 10:14
MERLIN PROP,10.750,1.42,0.15,12.33,10.770,10.660,264568,5050,2022-04-20 10:14
NATURGY,29.140,0.10,0.03,3.91,29.390,28.790,16563,28255,2022-04-20 10:07
PHARMA MAR,76.820,-1.26,-0.98,34.72,77.580,76.620,8749,1410,2022-04-20 10:09
RED ELÉCTRICA,19.120,-0.18,-0.03,1.96,19.215,19.005,63793,10345,2022-04-20 10:13
REPSOL,13.710,0.48,0.06,35.01,13.810,13.610,640890,21496,2022-04-20 10:14
ROVI,63.800,-1.01,-0.65,-13.55,64.850,63.500,24074,3577,2022-04-20 10:14
SANTANDER,3.197,1.09,0.03,8.71,3.217,3.181,6580177,55429,2022-04-20 10:14
SIEMENS GAMESA,15.145,-1.66,-0.25,-28.12,15.290,14.575,1031868,10316,2022-04-20 10:14
SOLARIA,21.500,0.51,0.11,25.58,21.910,21.200,135597,2686,2022-04-20 10:14
TELEFÓNICA,4.905,-0.77,-0.04,27.34,4.937,4.857,2524810,28346,2022-04-20 10:14
ACCIONA,193.400,-1.58,-3.10,15.05,195.800,192.700,31140,10609,2022-04-20 11:13
ACERINOX,9.998,0.73,0.07,-12.18,10.040,9.930,288623,2705,2022-04-20 11:14
ACS,24.840,0.40,0.10,7.48,24.990,24.810,117483,7319,2022-04-20 11:14
AENA,149.300,-0.57,-0.85,7.56,150.500,148.550,25277,22395,2022-04-20 11:14
ALMIRALL,12.210,-1.13,-0.14,8.05,12.330,12.200,39246,2195,2022-04-20 11:07
AMADEUS IT GROUP,57.220,0.67,0.38,-4.06,57.320,56.560,76878,25778,2022-04-20 11:14
ARCELORMITTAL,30.740,1.09,0.33,8.33,30.875,30.285,88702,28828,2022-04-20 11:13
BANCO SABADELL,0.770,4.00,0.03,35.27,0.772,0.744,11550511,4334,2022-04-20 11:13
BANKINTER,5.398,2.16,0.11,21.08,5.416,5.310,750731,4852,2022-04-20 11:14
BBVA,5.152,1.38,0.07,2.63,5.168,5.104,3332659,34353,2022-04-20 11:14
CAIXABANK,3.113,2.57,0.08,35.25,3.124,3.051,2576194,25093,2022-04-20 11:14
CELLNEX TELECOM,45.530,0.55,0.25,-11.04,45.940,45.230,127289,30930,2022-04-20 11:14
CIE AUTOMOTIVE,20.180,0.00,0.00,-25.26,20.360,20.120,38899,2473,2022-04-20 11:14
COLONIAL,8.175,-0.18,-0.01,-0.91,8.220,8.150,109175,4411,2022-04-20 11:07
ENAGAS,21.110,0.76,0.16,3.48,21.170,20.840,186469,5531,2022-04-20 11:14
ENDESA,19.645,1.05,0.20,-2.75,19.645,19.420,108636,20799,2022-04-20 11:14
FERROVIAL,25.180,-0.63,-0.16,-8.64,25.440,24.960,115187,18472,2022-04-20 11:13
FLUIDRA,25.240,0.96,0.24,-28.30,25.260,24.840,134116,4938,2022-04-20 11:11
GRIFOLS,16.120,0.50,0.08,-4.47,16.350,16.015,373471,6869,2022-04-20 11:13
IAG,1.725,-0.83,-0.01,1.26,1.751,1.712,4822292,8578,2022-04-20 11:14
IBERDROLA,10.490,0.24,0.02,2.47,10.535,10.410,1463555,67530,2022-04-20 11:14
INDITEX,20.830,0.29,0.06,-26.99,21.020,20.690,657453,64920,2022-04-20 11:14
INDRA,9.320,1.80,0.16,-2.10,9.340,9.100,144370,1646,2022-04-20 11:11
MAPFRE,1.900,-0.58,-0.01,5.23,1.920,1.898,675005,5851,2022-04-20 11:14
MELIÁ HOTELS,7.040,-0.14,-0.01,17.29,7.140,7.010,207038,1552,2022-04-20 11:14
MERLIN PROP,10.780,1.70,0.18,12.64,10.780,10.660,361652,5064,2022-04-20 11:13
NATURGY,29.310,0.69,0.20,4.52,29.390,28.790,23929,28419,2022-04-20 11:13
PHARMA MAR,76.360,-1.85,-1.44,33.92,77.580,76.260,15028,1402,2022-04-20 11:13
RED ELÉCTRICA,19.165,0.05,0.01,2.20,19.215,19.005,87698,10370,2022-04-20 11:14
REPSOL,13.725,0.59,0.08,35.16,13.810,13.610,887205,21519,2022-04-20 11:14
ROVI,63.900,-0.85,-0.55,-13.41,64.850,63.500,43582,3583,2022-04-20 11:14
SANTANDER,3.211,1.53,0.05,9.18,3.217,3.181,9616664,55672,2022-04-20 11:14
SIEMENS GAMESA,15.350,-0.32,-0.05,-27.15,15.380,14.575,1245153,10456,2022-04-20 11:14
SOLARIA,21.750,1.68,0.36,27.04,21.910,21.200,186392,2718,2022-04-20 11:14
TELEFÓNICA,4.900,-0.87,-0.04,27.21,4.937,4.857,3513612,28317,2022-04-20 11:14
ACCIONA,194.400,-1.07,-2.10,15.65,195.800,192.700,38755,10664,2022-04-20 12:14
ACERINOX,10.100,1.75,0.17,-11.29,10.150,9.930,455484,2733,2022-04-20 12:12
ACS,24.850,0.44,0.11,7.53,24.990,24.810,162178,7322,2022-04-20 12:07
AENA,149.100,-0.70,-1.05,7.42,150.500,148.550,31290,22365,2022-04-20 12:13
ALMIRALL,12.330,-0.16,-0.02,9.12,12.360,12.190,69809,2217,2022-04-20 12:13
AMADEUS IT GROUP,57.740,1.58,0.90,-3.19,57.820,56.560,104278,26012,2022-04-20 12:14
ARCELORMITTAL,30.850,1.45,0.44,8.72,30.935,30.285,117818,28931,2022-04-20 12:14
BANCO SABADELL,0.775,4.64,0.03,36.11,0.779,0.744,15972650,4361,2022-04-20 12:13
BANKINTER,5.412,2.42,0.13,21.39,5.448,5.310,1040465,4865,2022-04-20 12:13
BBVA,5.189,2.11,0.11,3.37,5.202,5.104,5100097,34600,2022-04-20 12:14
CAIXABANK,3.122,2.87,0.09,35.64,3.132,3.051,3432907,25165,2022-04-20 12:14
CELLNEX TELECOM,45.750,1.04,0.47,-10.61,45.940,45.230,161173,31079,2022-04-20 12:14
CIE AUTOMOTIVE,20.340,0.79,0.16,-24.67,20.400,20.120,49739,2493,2022-04-20 12:13
COLONIAL,8.175,-0.18,-0.01,-0.91,8.220,8.150,154036,4411,2022-04-20 12:07
ENAGAS,21.170,1.05,0.22,3.77,21.170,20.840,224643,5546,2022-04-20 12:14
ENDESA,19.770,1.70,0.33,-2.13,19.820,19.420,166413,20932,2022-04-20 12:14
FERROVIAL,25.200,-0.55,-0.14,-8.56,25.440,24.960,131941,18487,2022-04-20 12:13
FLUIDRA,25.480,1.92,0.48,-27.61,25.520,24.840,151606,4985,2022-04-20 12:13
GRIFOLS,16.195,0.97,0.15,-4.03,16.350,16.015,412854,6901,2022-04-20 12:14
IAG,1.729,-0.66,-0.01,1.44,1.751,1.712,5527903,8593,2022-04-20 12:14
IBERDROLA,10.605,1.34,0.14,3.59,10.655,10.410,1983175,68270,2022-04-20 12:14
INDITEX,20.950,0.87,0.18,-26.57,21.030,20.690,937291,65294,2022-04-20 12:14
INDRA,9.370,2.35,0.22,-1.58,9.375,9.100,203441,1655,2022-04-20 12:11
MAPFRE,1.917,0.31,0.01,6.18,1.920,1.898,951473,5904,2022-04-20 12:14
MELIÁ HOTELS,7.070,0.28,0.02,17.79,7.140,7.010,253407,1558,2022-04-20 12:13
MERLIN PROP,10.820,2.08,0.22,13.06,10.830,10.660,596495,5083,2022-04-20 12:13
NATURGY,29.360,0.86,0.25,4.70,29.390,28.790,27174,28468,2022-04-20 12:11
PHARMA MAR,76.580,-1.57,-1.22,34.30,77.580,76.200,18919,1406,2022-04-20 12:11
RED ELÉCTRICA,19.180,0.13,0.02,2.28,19.215,19.005,149461,10378,2022-04-20 12:15
REPSOL,13.720,0.55,0.07,35.11,13.810,13.610,1120428,21511,2022-04-20 12:14
ROVI,63.850,-0.93,-0.60,-13.48,64.850,63.500,80489,3580,2022-04-20 12:14
SANTANDER,3.237,2.37,0.08,10.08,3.250,3.181,14648950,56132,2022-04-20 12:14
SIEMENS GAMESA,15.870,3.05,0.47,-24.68,15.920,14.575,1711343,10810,2022-04-20 12:14
SOLARIA,21.940,2.57,0.55,28.15,22.070,21.200,235770,2741,2022-04-20 12:14
TELEFÓNICA,4.900,-0.87,-0.04,27.21,4.937,4.857,4378781,28317,2022-04-20 12:14
ACCIONA,196.100,-0.20,-0.40,16.66,196.100,192.700,44752,10757,2022-04-20 13:15
ACERINOX,10.075,1.50,0.15,-11.51,10.150,9.930,499986,2726,2022-04-20 13:14
ACS,24.850,0.44,0.11,7.53,24.990,24.810,177407,7322,2022-04-20 13:13
AENA,149.650,-0.33,-0.50,7.82,150.500,148.550,35102,22448,2022-04-20 13:11
ALMIRALL,12.250,-0.81,-0.10,8.41,12.360,12.190,85640,2202,2022-04-20 13:11
AMADEUS IT GROUP,57.640,1.41,0.80,-3.35,57.840,56.560,127439,25967,2022-04-20 13:14
ARCELORMITTAL,30.580,0.56,0.17,7.77,30.935,30.285,150702,28678,2022-04-20 13:14
BANCO SABADELL,0.777,4.97,0.04,36.53,0.780,0.744,19004694,4374,2022-04-20 13:15
BANKINTER,5.390,2.01,0.11,20.90,5.448,5.310,1165034,4845,2022-04-20 13:14
BBVA,5.169,1.71,0.09,2.97,5.202,5.104,5767578,34466,2022-04-20 13:14
CAIXABANK,3.122,2.87,0.09,35.64,3.134,3.051,4155318,25165,2022-04-20 13:14
CELLNEX TELECOM,45.760,1.06,0.48,-10.59,45.940,45.230,189688,31086,2022-04-20 13:12
CIE AUTOMOTIVE,20.440,1.29,0.26,-24.30,20.460,20.120,69119,2505,2022-04-20 13:11
COLONIAL,8.215,0.31,0.03,-0.42,8.220,8.150,183481,4433,2022-04-20 13:09
ENAGAS,21.170,1.05,0.22,3.77,21.200,20.840,250909,5546,2022-04-20 13:12
ENDESA,19.790,1.80,0.35,-2.03,19.820,19.420,219982,20953,2022-04-20 13:14
FERROVIAL,25.340,0.00,0.00,-8.06,25.440,24.960,215057,18589,2022-04-20 13:13
FLUIDRA,25.480,1.92,0.48,-27.61,25.520,24.840,161229,4985,2022-04-20 13:11
GRIFOLS,16.250,1.31,0.21,-3.70,16.350,16.015,448626,6925,2022-04-20 13:14
IAG,1.742,0.11,0.00,2.23,1.751,1.712,6535158,8660,2022-04-20 13:14
IBERDROLA,10.625,1.53,0.16,3.79,10.655,10.410,2383929,68399,2022-04-20 13:13
INDITEX,21.010,1.16,0.24,-26.36,21.050,20.690,1097631,65481,2022-04-20 13:14
INDRA,9.375,2.40,0.22,-1.52,9.385,9.100,245906,1656,2022-04-20 13:08
MAPFRE,1.917,0.31,0.01,6.18,1.920,1.898,1099584,5904,2022-04-20 13:14
MELIÁ HOTELS,7.130,1.13,0.08,18.79,7.140,7.010,314956,1571,2022-04-20 13:13
MERLIN PROP,10.840,2.26,0.24,13.27,10.880,10.660,721059,5092,2022-04-20 13:14
NATURGY,29.320,0.72,0.21,4.55,29.440,28.790,41513,28429,2022-04-20 13:14
PHARMA MAR,77.200,-0.77,-0.60,35.39,77.580,76.200,23860,1417,2022-04-20 13:12
RED ELÉCTRICA,19.200,0.23,0.05,2.38,19.215,19.005,167637,10389,2022-04-20 13:14
REPSOL,13.715,0.51,0.07,35.06,13.810,13.610,1233338,21504,2022-04-20 13:11
ROVI,63.600,-1.32,-0.85,-13.82,64.850,63.400,98820,3566,2022-04-20 13:13
SANTANDER,3.222,1.90,0.06,9.57,3.250,3.181,18568872,55872,2022-04-20 13:14
SIEMENS GAMESA,16.030,4.09,0.63,-23.92,16.140,14.575,2098055,10919,2022-04-20 13:14
SOLARIA,22.100,3.32,0.71,29.09,22.160,21.200,285102,2761,2022-04-20 13:13
TELEFÓNICA,4.894,-0.99,-0.05,27.05,4.937,4.857,4988990,28283,2022-04-20 13:14
ACCIONA,195.700,-0.41,-0.80,16.42,196.600,192.700,52404,10735,2022-04-20 14:16
ACERINOX,10.050,1.25,0.12,-11.73,10.150,9.930,551949,2719,2022-04-20 14:13
ACS,24.830,0.36,0.09,7.44,24.990,24.810,196555,7317,2022-04-20 14:15
AENA,149.600,-0.37,-0.55,7.78,150.500,148.550,38018,22440,2022-04-20 14:16
ALMIRALL,12.260,-0.73,-0.09,8.50,12.360,12.190,102551,2204,2022-04-20 14:15
AMADEUS IT GROUP,57.720,1.55,0.88,-3.22,57.880,56.560,158589,26003,2022-04-20 14:16
ARCELORMITTAL,30.350,-0.20,-0.06,6.96,30.935,30.285,192371,28463,2022-04-20 14:16
BANCO SABADELL,0.776,4.73,0.04,36.21,0.780,0.744,21152648,4364,2022-04-20 14:16
BANKINTER,5.412,2.42,0.13,21.39,5.448,5.310,1229577,4865,2022-04-20 14:16
BBVA,5.189,2.11,0.11,3.37,5.202,5.104,6385176,34600,2022-04-20 14:16
CAIXABANK,3.133,3.23,0.10,36.12,3.134,3.051,4931625,25254,2022-04-20 14:16
CELLNEX TELECOM,45.770,1.08,0.49,-10.57,45.940,45.230,242605,31093,2022-04-20 14:16
CIE AUTOMOTIVE,20.480,1.49,0.30,-24.15,20.580,20.120,85897,2510,2022-04-20 13:55
COLONIAL,8.205,0.18,0.02,-0.55,8.235,8.150,268853,4428,2022-04-20 14:06
ENAGAS,21.060,0.53,0.11,3.24,21.200,20.840,280232,5518,2022-04-20 14:15
ENDESA,19.800,1.85,0.36,-1.98,19.840,19.420,244455,20963,2022-04-20 14:16
FERROVIAL,25.300,-0.16,-0.04,-8.20,25.440,24.960,243161,18560,2022-04-20 14:16
FLUIDRA,25.500,2.00,0.50,-27.56,25.540,24.840,179302,4989,2022-04-20 13:59
GRIFOLS,16.205,1.03,0.16,-3.97,16.350,16.015,515898,6905,2022-04-20 14:15
IAG,1.733,-0.40,-0.01,1.70,1.751,1.712,7086048,8616,2022-04-20 14:16
IBERDROLA,10.635,1.62,0.17,3.88,10.685,10.410,2971209,68463,2022-04-20 14:16
INDITEX,21.000,1.11,0.23,-26.39,21.060,20.690,1264972,65450,2022-04-20 14:16
INDRA,9.375,2.40,0.22,-1.52,9.390,9.100,297171,1656,2022-04-20 14:17
MAPFRE,1.925,0.73,0.01,6.62,1.927,1.898,1300215,5928,2022-04-20 14:14
MELIÁ HOTELS,7.095,0.64,0.04,18.21,7.140,7.010,387967,1564,2022-04-20 14:17
MERLIN PROP,10.850,2.36,0.25,13.38,10.880,10.660,883322,5097,2022-04-20 14:15
NATURGY,29.260,0.52,0.15,4.34,29.440,28.790,56196,28371,2022-04-20 14:13
PHARMA MAR,76.880,-1.18,-0.92,34.83,77.580,76.200,28317,1411,2022-04-20 14:15
RED ELÉCTRICA,19.220,0.34,0.06,2.49,19.240,19.005,187468,10400,2022-04-20 14:15
REPSOL,13.680,0.26,0.03,34.71,13.810,13.610,1332356,21449,2022-04-20 14:16
ROVI,64.200,-0.39,-0.25,-13.01,64.850,63.400,106666,3600,2022-04-20 14:16
SANTANDER,3.240,2.45,0.08,10.17,3.250,3.181,20443072,56175,2022-04-20 14:16
SIEMENS GAMESA,16.175,5.03,0.77,-23.23,16.280,14.575,2354652,11017,2022-04-20 14:17
SOLARIA,22.030,2.99,0.64,28.68,22.250,21.200,326723,2753,2022-04-20 14:17
TELEFÓNICA,4.875,-1.38,-0.07,26.56,4.937,4.857,5869693,28173,2022-04-20 14:16
ACCIONA,195.600,-0.46,-0.90,16.36,196.600,192.700,60717,10730,2022-04-20 15:14
ACERINOX,10.080,1.55,0.15,-11.46,10.150,9.930,606042,2727,2022-04-20 15:13
ACS,24.760,0.08,0.02,7.14,24.990,24.740,226973,7296,2022-04-20 15:14
AENA,149.250,-0.60,-0.90,7.53,150.500,148.550,40464,22388,2022-04-20 15:14
ALMIRALL,12.220,-1.05,-0.13,8.14,12.360,12.190,114657,2197,2022-04-20 15:01
AMADEUS IT GROUP,57.840,1.76,1.00,-3.02,58.000,56.560,187189,26057,2022-04-20 15:13
ARCELORMITTAL,30.355,-0.18,-0.06,6.98,30.935,30.210,220520,28467,2022-04-20 15:14
BANCO SABADELL,0.775,4.67,0.03,36.14,0.780,0.744,22751040,4362,2022-04-20 15:15
BANKINTER,5.416,2.50,0.13,21.48,5.448,5.310,1356304,4868,2022-04-20 15:14
BBVA,5.196,2.24,0.11,3.51,5.202,5.104,7396981,34646,2022-04-20 15:14
CAIXABANK,3.144,3.59,0.11,36.59,3.147,3.051,6058960,25343,2022-04-20 15:14
CELLNEX TELECOM,45.500,0.49,0.22,-11.10,45.940,45.230,290636,30909,2022-04-20 15:14
CIE AUTOMOTIVE,20.560,1.88,0.38,-23.85,20.580,20.120,91748,2520,2022-04-20 15:08
COLONIAL,8.210,0.24,0.02,-0.48,8.235,8.150,331821,4430,2022-04-20 15:13
ENAGAS,21.020,0.33,0.07,3.04,21.200,20.840,303314,5507,2022-04-20 15:14
ENDESA,19.745,1.57,0.31,-2.25,19.840,19.420,279427,20905,2022-04-20 15:13
FERROVIAL,25.270,-0.28,-0.07,-8.31,25.440,24.960,279905,18538,2022-04-20 15:10
FLUIDRA,25.520,2.08,0.52,-27.50,25.580,24.840,199126,4992,2022-04-20 15:13
GRIFOLS,16.270,1.43,0.23,-3.59,16.350,16.015,669121,6933,2022-04-20 15:14
IAG,1.738,-0.09,-0.00,2.02,1.751,1.712,7596754,8643,2022-04-20 15:14
IBERDROLA,10.615,1.43,0.15,3.69,10.685,10.410,3566025,68335,2022-04-20 15:14
INDITEX,20.990,1.06,0.22,-26.43,21.080,20.690,1372370,65419,2022-04-20 15:14
INDRA,9.370,2.35,0.22,-1.58,9.390,9.100,316678,1655,2022-04-20 15:10
MAPFRE,1.924,0.68,0.01,6.56,1.927,1.898,1378977,5925,2022-04-20 15:13
MELIÁ HOTELS,7.080,0.43,0.03,17.96,7.140,7.010,443417,1560,2022-04-20 15:14
MERLIN PROP,10.840,2.26,0.24,13.27,10.880,10.660,947675,5092,2022-04-20 15:12
NATURGY,29.270,0.55,0.16,4.38,29.440,28.790,63555,28381,2022-04-20 15:15
PHARMA MAR,77.000,-1.03,-0.80,35.04,77.580,76.200,29943,1413,2022-04-20 15:08
RED ELÉCTRICA,19.170,0.08,0.01,2.22,19.250,19.005,204639,10373,2022-04-20 15:15
REPSOL,13.640,-0.04,-0.01,34.32,13.810,13.610,1578520,21386,2022-04-20 15:14
ROVI,64.000,-0.70,-0.45,-13.28,64.850,63.400,113406,3588,2022-04-20 15:12
SANTANDER,3.246,2.66,0.08,10.39,3.251,3.181,23926852,56288,2022-04-20 15:14
SIEMENS GAMESA,16.295,5.81,0.90,-22.66,16.400,14.575,2672497,11099,2022-04-20 15:14
SOLARIA,22.030,2.99,0.64,28.68,22.250,21.200,347241,2753,2022-04-20 15:11
TELEFÓNICA,4.859,-1.70,-0.08,26.14,4.937,4.857,7204731,28080,2022-04-20 15:14
ACCIONA,196.400,-0.05,-0.10,16.84,197.000,192.700,70766,10774,2022-04-20 16:14
ACERINOX,10.075,1.50,0.15,-11.51,10.150,9.930,699203,2726,2022-04-20 16:14
ACS,24.850,0.44,0.11,7.53,24.990,24.740,255993,7322,2022-04-20 16:14
AENA,149.100,-0.70,-1.05,7.42,150.500,148.550,48265,22365,2022-04-20 16:14
ALMIRALL,12.250,-0.81,-0.10,8.41,12.360,12.150,152332,2202,2022-04-20 16:14
AMADEUS IT GROUP,57.780,1.65,0.94,-3.12,58.080,56.560,229158,26030,2022-04-20 16:14
ARCELORMITTAL,30.205,-0.67,-0.20,6.45,30.935,29.965,308811,28327,2022-04-20 16:15
BANCO SABADELL,0.765,3.24,0.02,34.28,0.780,0.744,25546840,4302,2022-04-20 16:14
BANKINTER,5.370,1.63,0.09,20.45,5.448,5.310,1463676,4827,2022-04-20 16:14
BBVA,5.130,0.94,0.05,2.19,5.202,5.104,8707793,34206,2022-04-20 16:14
CAIXABANK,3.130,3.13,0.10,35.99,3.152,3.051,7427409,25230,2022-04-20 16:14
CELLNEX TELECOM,45.340,0.13,0.06,-11.41,45.940,45.210,414353,30801,2022-04-20 16:14
CIE AUTOMOTIVE,20.380,0.99,0.20,-24.52,20.620,20.120,124258,2498,2022-04-20 16:13
COLONIAL,8.185,-0.06,-0.00,-0.79,8.235,8.150,374169,4417,2022-04-20 16:05
ENAGAS,21.050,0.48,0.10,3.19,21.200,20.840,349575,5515,2022-04-20 16:15
ENDESA,19.800,1.85,0.36,-1.98,19.850,19.420,328319,20963,2022-04-20 16:15
FERROVIAL,25.250,-0.36,-0.09,-8.38,25.440,24.960,321426,18523,2022-04-20 16:14
FLUIDRA,25.640,2.56,0.64,-27.16,25.640,24.840,228214,5016,2022-04-20 16:11
GRIFOLS,16.270,1.43,0.23,-3.59,16.350,16.015,956483,6933,2022-04-20 16:14
IAG,1.729,-0.66,-0.01,1.44,1.753,1.712,9792433,8593,2022-04-20 16:14
IBERDROLA,10.655,1.82,0.19,4.08,10.685,10.410,4285223,68592,2022-04-20 16:14
INDITEX,20.810,0.19,0.04,-27.06,21.080,20.690,1640542,64858,2022-04-20 16:15
INDRA,9.395,2.62,0.24,-1.31,9.415,9.100,371415,1660,2022-04-20 16:14
MAPFRE,1.921,0.52,0.01,6.40,1.929,1.898,1515232,5916,2022-04-20 16:12
MELIÁ HOTELS,7.040,-0.14,-0.01,17.29,7.140,7.010,527313,1552,2022-04-20 16:14
MERLIN PROP,10.800,1.89,0.20,12.85,10.880,10.660,1049141,5074,2022-04-20 16:14
NATURGY,29.360,0.86,0.25,4.70,29.440,28.790,77947,28468,2022-04-20 16:11
PHARMA MAR,76.900,-1.16,-0.90,34.86,77.580,76.200,37543,1411,2022-04-20 16:14
RED ELÉCTRICA,19.220,0.34,0.06,2.49,19.260,19.005,277675,10400,2022-04-20 16:14
REPSOL,13.630,-0.11,-0.02,34.22,13.810,13.610,1870091,21370,2022-04-20 16:14
ROVI,63.850,-0.93,-0.60,-13.48,64.850,63.350,129790,3580,2022-04-20 16:12
SANTANDER,3.221,1.88,0.06,9.56,3.251,3.181,27935752,55863,2022-04-20 16:14
SIEMENS GAMESA,16.180,5.06,0.78,-23.21,16.400,14.575,2938853,11021,2022-04-20 16:14
SOLARIA,22.030,2.99,0.64,28.68,22.250,21.200,381944,2753,2022-04-20 16:14
TELEFÓNICA,4.860,-1.68,-0.08,26.17,4.937,4.853,8838953,28086,2022-04-20 16:14
ACCIONA,196.000,-0.25,-0.50,16.60,197.000,192.700,84695,10752,2022-04-20 17:17
ACERINOX,10.070,1.45,0.14,-11.55,10.150,9.930,828645,2724,2022-04-20 17:16
ACS,24.870,0.53,0.13,7.61,24.990,24.740,318011,7328,2022-04-20 17:15
AENA,149.400,-0.50,-0.75,7.64,150.500,148.550,54029,22410,2022-04-20 17:17
ALMIRALL,12.190,-1.30,-0.16,7.88,12.360,12.150,187510,2191,2022-04-20 17:15
AMADEUS IT GROUP,58.100,2.22,1.26,-2.58,58.220,56.560,290905,26174,2022-04-20 17:17
ARCELORMITTAL,30.005,-1.33,-0.41,5.74,30.935,29.965,351122,28139,2022-04-20 17:17
BANCO SABADELL,0.767,3.51,0.03,34.63,0.780,0.744,27838712,4314,2022-04-20 17:16
BANKINTER,5.386,1.93,0.10,20.81,5.448,5.310,1674426,4841,2022-04-20 17:16
BBVA,5.102,0.39,0.02,1.63,5.202,5.100,10481749,34020,2022-04-20 17:17
CAIXABANK,3.117,2.70,0.08,35.42,3.152,3.051,8567786,25125,2022-04-20 17:16
CELLNEX TELECOM,45.450,0.38,0.17,-11.20,45.940,45.210,485109,30875,2022-04-20 17:16
CIE AUTOMOTIVE,20.440,1.29,0.26,-24.30,20.620,20.120,127772,2505,2022-04-20 17:09
COLONIAL,8.185,-0.06,-0.00,-0.79,8.235,8.150,462190,4417,2022-04-20 17:16
ENAGAS,20.990,0.19,0.04,2.89,21.200,20.840,382835,5499,2022-04-20 17:16
ENDESA,19.825,1.98,0.39,-1.86,19.850,19.420,399418,20990,2022-04-20 17:16
FERROVIAL,25.250,-0.36,-0.09,-8.38,25.440,24.960,371715,18523,2022-04-20 17:15
FLUIDRA,25.480,1.92,0.48,-27.61,25.640,24.840,242969,4985,2022-04-20 17:16
GRIFOLS,16.315,1.71,0.27,-3.32,16.350,16.015,1062593,6952,2022-04-20 17:16
IAG,1.731,-0.52,-0.01,1.58,1.753,1.712,10869513,8606,2022-04-20 17:16
IBERDROLA,10.625,1.53,0.16,3.79,10.685,10.410,4841737,68399,2022-04-20 17:16
INDITEX,20.770,0.00,0.00,-27.20,21.080,20.690,1906337,64733,2022-04-20 17:16
INDRA,9.410,2.79,0.26,-1.16,9.425,9.100,422211,1662,2022-04-20 17:16
MAPFRE,1.929,0.94,0.02,6.84,1.929,1.898,2137106,5940,2022-04-20 17:15
MELIÁ HOTELS,7.080,0.43,0.03,17.96,7.140,7.010,632995,1560,2022-04-20 17:16
MERLIN PROP,10.840,2.26,0.24,13.27,10.880,10.660,1287176,5092,2022-04-20 17:16
NATURGY,29.220,0.38,0.11,4.20,29.440,28.790,91408,28332,2022-04-20 17:16
PHARMA MAR,77.020,-1.00,-0.78,35.08,77.580,76.200,41113,1414,2022-04-20 17:16
RED ELÉCTRICA,19.140,-0.08,-0.02,2.06,19.260,19.005,317842,10356,2022-04-20 17:17
REPSOL,13.620,-0.18,-0.03,34.12,13.810,13.595,2205150,21355,2022-04-20 17:16
ROVI,63.700,-1.16,-0.75,-13.69,64.850,63.350,145486,3572,2022-04-20 17:14
SANTANDER,3.216,1.71,0.05,9.37,3.251,3.181,32318476,55768,2022-04-20 17:17
SIEMENS GAMESA,16.055,4.25,0.66,-23.80,16.400,14.575,3148316,10936,2022-04-20 17:17
SOLARIA,21.940,2.57,0.55,28.15,22.250,21.200,421720,2741,2022-04-20 17:16
TELEFÓNICA,4.886,-1.15,-0.06,26.84,4.937,4.853,10255555,28236,2022-04-20 17:17
ACCIONA,195.800,-0.36,-0.70,16.48,197.000,192.700,117760,10741,2022-04-20 18:00
ACERINOX,10.080,1.55,0.15,-11.46,10.150,9.930,981164,2727,2022-04-20 18:00
ACS,24.920,0.73,0.18,7.83,24.990,24.740,483362,7343,2022-04-20 18:00
AENA,149.850,-0.20,-0.30,7.96,150.500,148.550,104462,22478,2022-04-20 18:00
ALMIRALL,12.190,-1.30,-0.16,7.88,12.360,12.130,275212,2191,2022-04-20 18:00
AMADEUS IT GROUP,58.000,2.04,1.16,-2.75,58.220,56.560,619195,26129,2022-04-20 18:00
ARCELORMITTAL,29.990,-1.38,-0.42,5.69,30.935,29.905,394101,28125,2022-04-20 18:00
BANCO SABADELL,0.768,3.70,0.03,34.88,0.780,0.744,34582040,4322,2022-04-20 18:00
BANKINTER,5.398,2.16,0.11,21.08,5.448,5.310,2932723,4852,2022-04-20 18:00
BBVA,5.091,0.18,0.01,1.41,5.202,5.085,17675732,33946,2022-04-20 18:00
CAIXABANK,3.134,3.26,0.10,36.16,3.152,3.051,13964487,25262,2022-04-20 18:00
CELLNEX TELECOM,45.320,0.09,0.04,-11.45,45.940,45.210,1011085,30787,2022-04-20 18:00
CIE AUTOMOTIVE,20.500,1.59,0.32,-24.07,20.620,20.120,158647,2512,2022-04-20 18:00
COLONIAL,8.215,0.31,0.03,-0.42,8.235,8.150,772464,4433,2022-04-20 18:00
ENAGAS,21.050,0.48,0.10,3.19,21.200,20.840,774933,5515,2022-04-20 18:00
ENDESA,19.825,1.98,0.39,-1.86,19.880,19.420,787694,20990,2022-04-20 18:00
FERROVIAL,25.340,0.00,0.00,-8.06,25.440,24.960,732099,18589,2022-04-20 18:00
FLUIDRA,25.520,2.08,0.52,-27.50,25.640,24.840,317425,4992,2022-04-20 18:00
GRIFOLS,16.340,1.87,0.30,-3.17,16.350,16.015,1395697,6963,2022-04-20 18:00
IAG,1.734,-0.34,-0.01,1.76,1.753,1.712,11769737,8621,2022-04-20 18:00
IBERDROLA,10.620,1.48,0.15,3.74,10.685,10.410,10042368,68367,2022-04-20 18:00
INDITEX,20.860,0.43,0.09,-26.88,21.080,20.690,3739508,65013,2022-04-20 18:00
INDRA,9.420,2.89,0.27,-1.05,9.430,9.100,530177,1664,2022-04-20 18:00
MAPFRE,1.937,1.36,0.03,7.28,1.937,1.898,3197040,5965,2022-04-20 18:00
MELIÁ HOTELS,7.095,0.64,0.04,18.21,7.140,7.010,760932,1564,2022-04-20 18:00
MERLIN PROP,10.850,2.36,0.25,13.38,10.880,10.660,1726510,5097,2022-04-20 18:00
NATURGY,29.210,0.34,0.10,4.16,29.440,28.790,305104,28322,2022-04-20 18:00
PHARMA MAR,76.940,-1.11,-0.86,34.94,77.580,76.200,49307,1412,2022-04-20 18:00
RED ELÉCTRICA,19.125,-0.16,-0.03,1.98,19.260,19.005,1073941,10348,2022-04-20 18:00
REPSOL,13.630,-0.11,-0.02,34.22,13.810,13.585,3632773,21370,2022-04-20 18:00
ROVI,63.950,-0.78,-0.50,-13.35,64.850,63.350,167293,3586,2022-04-20 18:00
SANTANDER,3.212,1.58,0.05,9.23,3.251,3.181,51449372,55698,2022-04-20 18:00
SIEMENS GAMESA,15.860,2.99,0.46,-24.73,16.400,14.575,3914641,10803,2022-04-20 18:00
SOLARIA,21.990,2.81,0.60,28.45,22.250,21.200,528129,2748,2022-04-20 18:00
TELEFÓNICA,4.885,-1.17,-0.06,26.82,4.937,4.853,17750330,28231,2022-04-20 18:00
ACCIONA,192.700,-1.93,-3.80,14.63,195.800,192.700,11063,10571,2022-04-20 09:16
ACERINOX,9.976,0.50,0.05,-12.38,10.020,9.930,66525,2699,2022-04-20 09:16
ACS,24.880,0.57,0.14,7.66,24.910,24.810,23739,7331,2022-04-20 09:15
AENA,149.300,-0.57,-0.85,7.56,150.500,148.950,5076,22395,2022-04-20 09:15
ALMIRALL,12.240,-0.89,-0.11,8.32,12.330,12.230,14781,2200,2022-04-20 09:10
AMADEUS IT GROUP,57.080,0.42,0.24,-4.29,57.220,56.560,19912,25714,2022-04-20 09:16
ARCELORMITTAL,30.600,0.62,0.19,7.84,30.645,30.285,21383,28697,2022-04-20 09:16
BANCO SABADELL,0.755,1.94,0.01,32.60,0.757,0.744,1993979,4248,2022-04-20 09:16
BANKINTER,5.336,0.98,0.05,19.69,5.354,5.310,91240,4796,2022-04-20 09:16
BBVA,5.146,1.26,0.06,2.51,5.159,5.104,745312,34313,2022-04-20 09:16
CAIXABANK,3.082,1.55,0.05,33.90,3.095,3.051,753020,24843,2022-04-20 09:16
CELLNEX TELECOM,45.710,0.95,0.43,-10.69,45.880,45.230,34134,31052,2022-04-20 09:16
CIE AUTOMOTIVE,20.320,0.69,0.14,-24.74,20.320,20.200,4409,2490,2022-04-20 09:16
COLONIAL,8.170,-0.24,-0.02,-0.97,8.220,8.150,23490,4409,2022-04-20 09:15
ENAGAS,21.080,0.62,0.13,3.33,21.170,21.030,31577,5523,2022-04-20 09:16
ENDESA,19.490,0.26,0.05,-3.51,19.545,19.460,23483,20635,2022-04-20 09:15
FERROVIAL,25.260,-0.32,-0.08,-8.35,25.440,25.200,38215,18531,2022-04-20 09:15
FLUIDRA,25.080,0.32,0.08,-28.75,25.140,24.840,28351,4906,2022-04-20 09:16
GRIFOLS,16.135,0.59,0.09,-4.39,16.210,16.015,66517,6876,2022-04-20 09:16
IAG,1.738,-0.09,-0.00,2.02,1.751,1.728,946229,8643,2022-04-20 09:16
IBERDROLA,10.460,-0.05,-0.01,2.17,10.495,10.450,455246,67337,2022-04-20 09:16
INDITEX,20.960,0.91,0.19,-26.53,20.960,20.820,151096,65325,2022-04-20 09:16
INDRA,9.205,0.55,0.05,-3.31,9.215,9.100,28866,1626,2022-04-20 09:16
MAPFRE,1.912,0.05,0.00,5.90,1.920,1.910,154411,5888,2022-04-20 09:16
MELIÁ HOTELS,7.065,0.21,0.01,17.71,7.140,7.045,58924,1557,2022-04-20 09:16
MERLIN PROP,10.690,0.85,0.09,11.70,10.770,10.660,58156,5022,2022-04-20 09:16
NATURGY,29.310,0.69,0.20,4.52,29.390,28.790,8860,28419,2022-04-20 09:15
PHARMA MAR,77.120,-0.87,-0.68,35.25,77.580,76.980,2715,1416,2022-04-20 09:16
RED ELÉCTRICA,19.135,-0.10,-0.02,2.04,19.215,19.125,23076,10354,2022-04-20 09:16
REPSOL,13.695,0.37,0.05,34.86,13.810,13.675,275334,21472,2022-04-20 09:16
ROVI,64.650,0.31,0.20,-12.40,64.850,63.500,5515,3625,2022-04-20 09:15
SANTANDER,3.207,1.42,0.05,9.06,3.215,3.181,3169290,55611,2022-04-20 09:16
SIEMENS GAMESA,14.800,-3.90,-0.60,-29.76,14.980,14.575,516737,10081,2022-04-20 09:16
SOLARIA,21.780,1.82,0.39,27.22,21.870,21.200,65091,2721,2022-04-20 09:16
TELEFÓNICA,4.902,-0.83,-0.04,27.26,4.937,4.887,942583,28329,2022-04-20 09:16
