ACCIONA,196.400,-0.05,-0.10,16.84,197.000,192.700,70766,10774,2022-04-20 16:14
ACERINOX,10.075,1.50,0.15,-11.51,10.150,9.930,699203,2726,2022-04-20 16:14
ACS,24.850,0.44,0.11,7.53,24.990,24.740,255993,7322,2022-04-20 16:14
AENA,149.100,-0.70,-1.05,7.42,150.500,148.550,48265,22365,2022-04-20 16:14
ALMIRALL,12.250,-0.81,-0.10,8.41,12.360,12.150,152332,2202,2022-04-20 16:14
AMADEUS IT GROUP,57.780,1.65,0.94,-3.12,58.080,56.560,229158,26030,2022-04-20 16:14
ARCELORMITTAL,30.205,-0.67,-0.20,6.45,30.935,29.965,308811,28327,2022-04-20 16:15
BANCO SABADELL,0.765,3.24,0.02,34.28,0.780,0.744,25546840,4302,2022-04-20 16:14
BANKINTER,5.370,1.63,0.09,20.45,5.448,5.310,1463676,4827,2022-04-20 16:14
BBVA,5.130,0.94,0.05,2.19,5.202,5.104,8707793,34206,2022-04-20 16:14
CAIXABANK,3.130,3.13,0.10,35.99,3.152,3.051,7427409,25230,2022-04-20 16:14
CELLNEX TELECOM,45.340,0.13,0.06,-11.41,45.940,45.210,414353,30801,2022-04-20 16:14
CIE AUTOMOTIVE,20.380,0.99,0.20,-24.52,20.620,20.120,124258,2498,2022-04-20 16:13
COLONIAL,8.185,-0.06,-0.00,-0.79,8.235,8.150,374169,4417,2022-04-20 16:05
ENAGAS,21.050,0.48,0.10,3.19,21.200,20.840,349575,5515,2022-04-20 16:15
ENDESA,19.800,1.85,0.36,-1.98,19.850,19.420,328319,20963,2022-04-20 16:15
FERROVIAL,25.250,-0.36,-0.09,-8.38,25.440,24.960,321426,18523,2022-04-20 16:14
FLUIDRA,25.640,2.56,0.64,-27.16,25.640,24.840,228214,5016,2022-04-20 16:11
GRIFOLS,16.270,1.43,0.23,-3.59,16.350,16.015,956483,6933,2022-04-20 16:14
IAG,1.729,-0.66,-0.01,1.44,1.753,1.712,9792433,8593,2022-04-20 16:14
IBERDROLA,10.655,1.82,0.19,4.08,10.685,10.410,4285223,68592,2022-04-20 16:14
INDITEX,20.810,0.19,0.04,-27.06,21.080,20.690,1640542,64858,2022-04-20 16:15
INDRA,9.395,2.62,0.24,-1.31,9.415,9.100,371415,1660,2022-04-20 16:14
MAPFRE,1.921,0.52,0.01,6.40,1.929,1.898,1515232,5916,2022-04-20 16:12
MELIÁ HOTELS,7.040,-0.14,-0.01,17.29,7.140,7.010,527313,1552,2022-04-20 16:14
MERLIN PROP,10.800,1.89,0.20,12.85,10.880,10.660,1049141,5074,2022-04-20 16:14
NATURGY,29.360,0.86,0.25,4.70,29.440,28.790,77947,28468,2022-04-20 16:11
PHARMA MAR,76.900,-1.16,-0.90,34.86,77.580,76.200,37543,1411,2022-04-20 16:14
RED ELÉCTRICA,19.220,0.34,0.06,2.49,19.260,19.005,277675,10400,2022-04-20 16:14
REPSOL,13.630,-0.11,-0.02,34.22,13.810,13.610,1870091,21370,2022-04-20 16:14
ROVI,63.850,-0.93,-0.60,-13.48,64.850,63.350,129790,3580,2022-04-20 16:12
SANTANDER,3.221,1.88,0.06,9.56,3.251,3.181,27935752,55863,2022-04-20 16:14
SIEMENS GAMESA,16.180,5.06,0.78,-23.21,16.400,14.575,2938853,11021,2022-04-20 16:14
SOLARIA,22.030,2.99,0.64,28.68,22.250,21.200,381944,2753,2022-04-20 16:14
TELEFÓNICA,4.860,-1.68,-0.08,26.17,4.937,4.853,8838953,28086,2022-04-20 16:14
