ACCIONA,193.400,-1.58,-3.10,15.05,195.800,192.700,31140,10609,2022-04-20 11:13
ACERINOX,9.998,0.73,0.07,-12.18,10.040,9.930,288623,2705,2022-04-20 11:14
ACS,24.840,0.40,0.10,7.48,24.990,24.810,117483,7319,2022-04-20 11:14
AENA,149.300,-0.57,-0.85,7.56,150.500,148.550,25277,22395,2022-04-20 11:14
ALMIRALL,12.210,-1.13,-0.14,8.05,12.330,12.200,39246,2195,2022-04-20 11:07
AMADEUS IT GROUP,57.220,0.67,0.38,-4.06,57.320,56.560,76878,25778,2022-04-20 11:14
ARCELORMITTAL,30.740,1.09,0.33,8.33,30.875,30.285,88702,28828,2022-04-20 11:13
BANCO SABADELL,0.770,4.00,0.03,35.27,0.772,0.744,11550511,4334,2022-04-20 11:13
BANKINTER,5.398,2.16,0.11,21.08,5.416,5.310,750731,4852,2022-04-20 11:14
BBVA,5.152,1.38,0.07,2.63,5.168,5.104,3332659,34353,2022-04-20 11:14
CAIXABANK,3.113,2.57,0.08,35.25,3.124,3.051,2576194,25093,2022-04-20 11:14
CELLNEX TELECOM,45.530,0.55,0.25,-11.04,45.940,45.230,127289,30930,2022-04-20 11:14
CIE AUTOMOTIVE,20.180,0.00,0.00,-25.26,20.360,20.120,38899,2473,2022-04-20 11:14
COLONIAL,8.175,-0.18,-0.01,-0.91,8.220,8.150,109175,4411,2022-04-20 11:07
ENAGAS,21.110,0.76,0.16,3.48,21.170,20.840,186469,5531,2022-04-20 11:14
ENDESA,19.645,1.05,0.20,-2.75,19.645,19.420,108636,20799,2022-04-20 11:14
FERROVIAL,25.180,-0.63,-0.16,-8.64,25.440,24.960,115187,18472,2022-04-20 11:13
FLUIDRA,25.240,0.96,0.24,-28.30,25.260,24.840,134116,4938,2022-04-20 11:11
GRIFOLS,16.120,0.50,0.08,-4.47,16.350,16.015,373471,6869,2022-04-20 11:13
IAG,1.725,-0.83,-0.01,1.26,1.751,1.712,4822292,8578,2022-04-20 11:14
IBERDROLA,10.490,0.24,0.02,2.47,10.535,10.410,1463555,67530,2022-04-20 11:14
INDITEX,20.830,0.29,0.06,-26.99,21.020,20.690,657453,64920,2022-04-20 11:14
INDRA,9.320,1.80,0.16,-2.10,9.340,9.100,144370,1646,2022-04-20 11:11
MAPFRE,1.900,-0.58,-0.01,5.23,1.920,1.898,675005,5851,2022-04-20 11:14
MELIÁ HOTELS,7.040,-0.14,-0.01,17.29,7.140,7.010,207038,1552,2022-04-20 11:14
MERLIN PROP,10.780,1.70,0.18,12.64,10.780,10.660,361652,5064,2022-04-20 11:13
NATURGY,29.310,0.69,0.20,4.52,29.390,28.790,23929,28419,2022-04-20 11:13
PHARMA MAR,76.360,-1.85,-1.44,33.92,77.580,76.260,15028,1402,2022-04-20 11:13
RED ELÉCTRICA,19.165,0.05,0.01,2.20,19.215,19.005,87698,10370,2022-04-20 11:14
REPSOL,13.725,0.59,0.08,35.16,13.810,13.610,887205,21519,2022-04-20 11:14
ROVI,63.900,-0.85,-0.55,-13.41,64.850,63.500,43582,3583,2022-04-20 11:14
SANTANDER,3.211,1.53,0.05,9.18,3.217,3.181,9616664,55672,2022-04-20 11:14
SIEMENS GAMESA,15.350,-0.32,-0.05,-27.15,15.380,14.575,1245153,10456,2022-04-20 11:14
SOLARIA,21.750,1.68,0.36,27.04,21.910,21.200,186392,2718,2022-04-20 11:14
TELEFÓNICA,4.900,-0.87,-0.04,27.21,4.937,4.857,3513612,28317,2022-04-20 11:14
