ACCIONA,193.600,-1.48,-2.90,15.17,195.800,192.700,22905,10620,2022-04-20 10:14
ACERINOX,10.010,0.85,0.08,-12.08,10.040,9.930,219206,2708,2022-04-20 10:14
ACS,24.920,0.73,0.18,7.83,24.990,24.810,78954,7343,2022-04-20 10:14
AENA,149.550,-0.40,-0.60,7.74,150.500,148.950,17770,22432,2022-04-20 10:13
ALMIRALL,12.240,-0.89,-0.11,8.32,12.330,12.230,33923,2200,2022-04-20 10:09
AMADEUS IT GROUP,56.660,-0.32,-0.18,-5.00,57.320,56.560,49486,25525,2022-04-20 10:11
ARCELORMITTAL,30.795,1.27,0.39,8.53,30.835,30.285,55486,28880,2022-04-20 10:14
BANCO SABADELL,0.760,2.59,0.02,33.44,0.764,0.744,6320012,4275,2022-04-20 10:14
BANKINTER,5.378,1.78,0.09,20.63,5.400,5.310,407297,4834,2022-04-20 10:14
BBVA,5.130,0.94,0.05,2.19,5.164,5.104,1713378,34206,2022-04-20 10:14
CAIXABANK,3.097,2.04,0.06,34.55,3.104,3.051,1769970,24964,2022-04-20 10:14
CELLNEX TELECOM,45.390,0.24,0.11,-11.31,45.940,45.230,86750,30835,2022-04-20 10:14
CIE AUTOMOTIVE,20.160,-0.10,-0.02,-25.33,20.360,20.140,26221,2471,2022-04-20 10:09
COLONIAL,8.155,-0.43,-0.03,-1.15,8.220,8.150,81234,4401,2022-04-20 10:08
ENAGAS,21.010,0.29,0.06,2.99,21.170,20.840,93917,5504,2022-04-20 10:13
ENDESA,19.585,0.75,0.14,-3.04,19.635,19.420,67744,20736,2022-04-20 10:13
FERROVIAL,25.150,-0.75,-0.19,-8.74,25.440,24.960,92470,18450,2022-04-20 10:12
FLUIDRA,24.920,-0.32,-0.08,-29.20,25.260,24.840,105057,4875,2022-04-20 10:13
GRIFOLS,16.090,0.31,0.05,-4.65,16.350,16.015,269474,6856,2022-04-20 10:14
IAG,1.714,-1.47,-0.03,0.62,1.751,1.712,3666691,8524,2022-04-20 10:14
IBERDROLA,10.475,0.10,0.01,2.32,10.535,10.410,994581,67433,2022-04-20 10:14
INDITEX,20.730,-0.19,-0.04,-27.34,21.020,20.700,437246,64608,2022-04-20 10:14
INDRA,9.290,1.47,0.14,-2.42,9.305,9.100,88871,1641,2022-04-20 10:14
MAPFRE,1.906,-0.26,-0.00,5.57,1.920,1.901,307630,5870,2022-04-20 10:14
MELIÁ HOTELS,7.035,-0.21,-0.02,17.21,7.140,7.010,131442,1551,2022-04-20 10:14
MERLIN PROP,10.750,1.42,0.15,12.33,10.770,10.660,264568,5050,2022-04-20 10:14
NATURGY,29.140,0.10,0.03,3.91,29.390,28.790,16563,28255,2022-04-20 10:07
PHARMA MAR,76.820,-1.26,-0.98,34.72,77.580,76.620,8749,1410,2022-04-20 10:09
RED ELÉCTRICA,19.120,-0.18,-0.03,1.96,19.215,19.005,63793,10345,2022-04-20 10:13
REPSOL,13.710,0.48,0.06,35.01,13.810,13.610,640890,21496,2022-04-20 10:14
ROVI,63.800,-1.01,-0.65,-13.55,64.850,63.500,24074,3577,2022-04-20 10:14
SANTANDER,3.197,1.09,0.03,8.71,3.217,3.181,6580177,55429,2022-04-20 10:14
SIEMENS GAMESA,15.145,-1.66,-0.25,-28.12,15.290,14.575,1031868,10316,2022-04-20 10:14
SOLARIA,21.500,0.51,0.11,25.58,21.910,21.200,135597,2686,2022-04-20 10:14
TELEFÓNICA,4.905,-0.77,-0.04,27.34,4.937,4.857,2524810,28346,2022-04-20 10:14
