ACCIONA,195.700,-0.41,-0.80,16.42,196.600,192.700,52404,10735,2022-04-20 14:16
ACERINOX,10.050,1.25,0.12,-11.73,10.150,9.930,551949,2719,2022-04-20 14:13
ACS,24.830,0.36,0.09,7.44,24.990,24.810,196555,7317,2022-04-20 14:15
AENA,149.600,-0.37,-0.55,7.78,150.500,148.550,38018,22440,2022-04-20 14:16
ALMIRALL,12.260,-0.73,-0.09,8.50,12.360,12.190,102551,2204,2022-04-20 14:15
AMADEUS IT GROUP,57.720,1.55,0.88,-3.22,57.880,56.560,158589,26003,2022-04-20 14:16
ARCELORMITTAL,30.350,-0.20,-0.06,6.96,30.935,30.285,192371,28463,2022-04-20 14:16
BANCO SABADELL,0.776,4.73,0.04,36.21,0.780,0.744,21152648,4364,2022-04-20 14:16
BANKINTER,5.412,2.42,0.13,21.39,5.448,5.310,1229577,4865,2022-04-20 14:16
BBVA,5.189,2.11,0.11,3.37,5.202,5.104,6385176,34600,2022-04-20 14:16
CAIXABANK,3.133,3.23,0.10,36.12,3.134,3.051,4931625,25254,2022-04-20 14:16
CELLNEX TELECOM,45.770,1.08,0.49,-10.57,45.940,45.230,242605,31093,2022-04-20 14:16
CIE AUTOMOTIVE,20.480,1.49,0.30,-24.15,20.580,20.120,85897,2510,2022-04-20 13:55
COLONIAL,8.205,0.18,0.02,-0.55,8.235,8.150,268853,4428,2022-04-20 14:06
ENAGAS,21.060,0.53,0.11,3.24,21.200,20.840,280232,5518,2022-04-20 14:15
ENDESA,19.800,1.85,0.36,-1.98,19.840,19.420,244455,20963,2022-04-20 14:16
FERROVIAL,25.300,-0.16,-0.04,-8.20,25.440,24.960,243161,18560,2022-04-20 14:16
FLUIDRA,25.500,2.00,0.50,-27.56,25.540,24.840,179302,4989,2022-04-20 13:59
GRIFOLS,16.205,1.03,0.16,-3.97,16.350,16.015,515898,6905,2022-04-20 14:15
IAG,1.733,-0.40,-0.01,1.70,1.751,1.712,7086048,8616,2022-04-20 14:16
IBERDROLA,10.635,1.62,0.17,3.88,10.685,10.410,2971209,68463,2022-04-20 14:16
INDITEX,21.000,1.11,0.23,-26.39,21.060,20.690,1264972,65450,2022-04-20 14:16
INDRA,9.375,2.40,0.22,-1.52,9.390,9.100,297171,1656,2022-04-20 14:17
MAPFRE,1.925,0.73,0.01,6.62,1.927,1.898,1300215,5928,2022-04-20 14:14
MELIÁ HOTELS,7.095,0.64,0.04,18.21,7.140,7.010,387967,1564,2022-04-20 14:17
MERLIN PROP,10.850,2.36,0.25,13.38,10.880,10.660,883322,5097,2022-04-20 14:15
NATURGY,29.260,0.52,0.15,4.34,29.440,28.790,56196,28371,2022-04-20 14:13
PHARMA MAR,76.880,-1.18,-0.92,34.83,77.580,76.200,28317,1411,2022-04-20 14:15
RED ELÉCTRICA,19.220,0.34,0.06,2.49,19.240,19.005,187468,10400,2022-04-20 14:15
REPSOL,13.680,0.26,0.03,34.71,13.810,13.610,1332356,21449,2022-04-20 14:16
ROVI,64.200,-0.39,-0.25,-13.01,64.850,63.400,106666,3600,2022-04-20 14:16
SANTANDER,3.240,2.45,0.08,10.17,3.250,3.181,20443072,56175,2022-04-20 14:16
SIEMENS GAMESA,16.175,5.03,0.77,-23.23,16.280,14.575,2354652,11017,2022-04-20 14:17
SOLARIA,22.030,2.99,0.64,28.68,22.250,21.200,326723,2753,2022-04-20 14:17
TELEFÓNICA,4.875,-1.38,-0.07,26.56,4.937,4.857,5869693,28173,2022-04-20 14:16
