ACCIONA,196.000,-0.25,-0.50,16.60,197.000,192.700,84695,10752,2022-04-20 17:17
ACERINOX,10.070,1.45,0.14,-11.55,10.150,9.930,828645,2724,2022-04-20 17:16
ACS,24.870,0.53,0.13,7.61,24.990,24.740,318011,7328,2022-04-20 17:15
AENA,149.400,-0.50,-0.75,7.64,150.500,148.550,54029,22410,2022-04-20 17:17
ALMIRALL,12.190,-1.30,-0.16,7.88,12.360,12.150,187510,2191,2022-04-20 17:15
AMADEUS IT GROUP,58.100,2.22,1.26,-2.58,58.220,56.560,290905,26174,2022-04-20 17:17
ARCELORMITTAL,30.005,-1.33,-0.41,5.74,30.935,29.965,351122,28139,2022-04-20 17:17
BANCO SABADELL,0.767,3.51,0.03,34.63,0.780,0.744,27838712,4314,2022-04-20 17:16
BANKINTER,5.386,1.93,0.10,20.81,5.448,5.310,1674426,4841,2022-04-20 17:16
BBVA,5.102,0.39,0.02,1.63,5.202,5.100,10481749,34020,2022-04-20 17:17
CAIXABANK,3.117,2.70,0.08,35.42,3.152,3.051,8567786,25125,2022-04-20 17:16
CELLNEX TELECOM,45.450,0.38,0.17,-11.20,45.940,45.210,485109,30875,2022-04-20 17:16
CIE AUTOMOTIVE,20.440,1.29,0.26,-24.30,20.620,20.120,127772,2505,2022-04-20 17:09
COLONIAL,8.185,-0.06,-0.00,-0.79,8.235,8.150,462190,4417,2022-04-20 17:16
ENAGAS,20.990,0.19,0.04,2.89,21.200,20.840,382835,5499,2022-04-20 17:16
ENDESA,19.825,1.98,0.39,-1.86,19.850,19.420,399418,20990,2022-04-20 17:16
FERROVIAL,25.250,-0.36,-0.09,-8.38,25.440,24.960,371715,18523,2022-04-20 17:15
FLUIDRA,25.480,1.92,0.48,-27.61,25.640,24.840,242969,4985,2022-04-20 17:16
GRIFOLS,16.315,1.71,0.27,-3.32,16.350,16.015,1062593,6952,2022-04-20 17:16
IAG,1.731,-0.52,-0.01,1.58,1.753,1.712,10869513,8606,2022-04-20 17:16
IBERDROLA,10.625,1.53,0.16,3.79,10.685,10.410,4841737,68399,2022-04-20 17:16
INDITEX,20.770,0.00,0.00,-27.20,21.080,20.690,1906337,64733,2022-04-20 17:16
INDRA,9.410,2.79,0.26,-1.16,9.425,9.100,422211,1662,2022-04-20 17:16
MAPFRE,1.929,0.94,0.02,6.84,1.929,1.898,2137106,5940,2022-04-20 17:15
MELIÁ HOTELS,7.080,0.43,0.03,17.96,7.140,7.010,632995,1560,2022-04-20 17:16
MERLIN PROP,10.840,2.26,0.24,13.27,10.880,10.660,1287176,5092,2022-04-20 17:16
NATURGY,29.220,0.38,0.11,4.20,29.440,28.790,91408,28332,2022-04-20 17:16
PHARMA MAR,77.020,-1.00,-0.78,35.08,77.580,76.200,41113,1414,2022-04-20 17:16
RED ELÉCTRICA,19.140,-0.08,-0.02,2.06,19.260,19.005,317842,10356,2022-04-20 17:17
REPSOL,13.620,-0.18,-0.03,34.12,13.810,13.595,2205150,21355,2022-04-20 17:16
ROVI,63.700,-1.16,-0.75,-13.69,64.850,63.350,145486,3572,2022-04-20 17:14
SANTANDER,3.216,1.71,0.05,9.37,3.251,3.181,32318476,55768,2022-04-20 17:17
SIEMENS GAMESA,16.055,4.25,0.66,-23.80,16.400,14.575,3148316,10936,2022-04-20 17:17
SOLARIA,21.940,2.57,0.55,28.15,22.250,21.200,421720,2741,2022-04-20 17:16
TELEFÓNICA,4.886,-1.15,-0.06,26.84,4.937,4.853,10255555,28236,2022-04-20 17:17
