ACCIONA,195.600,-0.46,-0.90,16.36,196.600,192.700,60717,10730,2022-04-20 15:14
ACERINOX,10.080,1.55,0.15,-11.46,10.150,9.930,606042,2727,2022-04-20 15:13
ACS,24.760,0.08,0.02,7.14,24.990,24.740,226973,7296,2022-04-20 15:14
AENA,149.250,-0.60,-0.90,7.53,150.500,148.550,40464,22388,2022-04-20 15:14
ALMIRALL,12.220,-1.05,-0.13,8.14,12.360,12.190,114657,2197,2022-04-20 15:01
AMADEUS IT GROUP,57.840,1.76,1.00,-3.02,58.000,56.560,187189,26057,2022-04-20 15:13
ARCELORMITTAL,30.355,-0.18,-0.06,6.98,30.935,30.210,220520,28467,2022-04-20 15:14
BANCO SABADELL,0.775,4.67,0.03,36.14,0.780,0.744,22751040,4362,2022-04-20 15:15
BANKINTER,5.416,2.50,0.13,21.48,5.448,5.310,1356304,4868,2022-04-20 15:14
BBVA,5.196,2.24,0.11,3.51,5.202,5.104,7396981,34646,2022-04-20 15:14
CAIXABANK,3.144,3.59,0.11,36.59,3.147,3.051,6058960,25343,2022-04-20 15:14
CELLNEX TELECOM,45.500,0.49,0.22,-11.10,45.940,45.230,290636,30909,2022-04-20 15:14
CIE AUTOMOTIVE,20.560,1.88,0.38,-23.85,20.580,20.120,91748,2520,2022-04-20 15:08
COLONIAL,8.210,0.24,0.02,-0.48,8.235,8.150,331821,4430,2022-04-20 15:13
ENAGAS,21.020,0.33,0.07,3.04,21.200,20.840,303314,5507,2022-04-20 15:14
ENDESA,19.745,1.57,0.31,-2.25,19.840,19.420,279427,20905,2022-04-20 15:13
FERROVIAL,25.270,-0.28,-0.07,-8.31,25.440,24.960,279905,18538,2022-04-20 15:10
FLUIDRA,25.520,2.08,0.52,-27.50,25.580,24.840,199126,4992,2022-04-20 15:13
GRIFOLS,16.270,1.43,0.23,-3.59,16.350,16.015,669121,6933,2022-04-20 15:14
IAG,1.738,-0.09,-0.00,2.02,1.751,1.712,7596754,8643,2022-04-20 15:14
IBERDROLA,10.615,1.43,0.15,3.69,10.685,10.410,3566025,68335,2022-04-20 15:14
INDITEX,20.990,1.06,0.22,-26.43,21.080,20.690,1372370,65419,2022-04-20 15:14
INDRA,9.370,2.35,0.22,-1.58,9.390,9.100,316678,1655,2022-04-20 15:10
MAPFRE,1.924,0.68,0.01,6.56,1.927,1.898,1378977,5925,2022-04-20 15:13
MELIÁ HOTELS,7.080,0.43,0.03,17.96,7.140,7.010,443417,1560,2022-04-20 15:14
MERLIN PROP,10.840,2.26,0.24,13.27,10.880,10.660,947675,5092,2022-04-20 15:12
NATURGY,29.270,0.55,0.16,4.38,29.440,28.790,63555,28381,2022-04-20 15:15
PHARMA MAR,77.000,-1.03,-0.80,35.04,77.580,76.200,29943,1413,2022-04-20 15:08
RED ELÉCTRICA,19.170,0.08,0.01,2.22,19.250,19.005,204639,10373,2022-04-20 15:15
REPSOL,13.640,-0.04,-0.01,34.32,13.810,13.610,1578520,21386,2022-04-20 15:14
ROVI,64.000,-0.70,-0.45,-13.28,64.850,63.400,113406,3588,2022-04-20 15:12
SANTANDER,3.246,2.66,0.08,10.39,3.251,3.181,23926852,56288,2022-04-20 15:14
SIEMENS GAMESA,16.295,5.81,0.90,-22.66,16.400,14.575,2672497,11099,2022-04-20 15:14
SOLARIA,22.030,2.99,0.64,28.68,22.250,21.200,347241,2753,2022-04-20 15:11
TELEFÓNICA,4.859,-1.70,-0.08,26.14,4.937,4.857,7204731,28080,2022-04-20 15:14
