ACCIONA,195.800,-0.36,-0.70,16.48,197.000,192.700,117760,10741,2022-04-20 18:00
ACERINOX,10.080,1.55,0.15,-11.46,10.150,9.930,981164,2727,2022-04-20 18:00
ACS,24.920,0.73,0.18,7.83,24.990,24.740,483362,7343,2022-04-20 18:00
AENA,149.850,-0.20,-0.30,7.96,150.500,148.550,104462,22478,2022-04-20 18:00
ALMIRALL,12.190,-1.30,-0.16,7.88,12.360,12.130,275212,2191,2022-04-20 18:00
AMADEUS IT GROUP,58.000,2.04,1.16,-2.75,58.220,56.560,619195,26129,2022-04-20 18:00
ARCELORMITTAL,29.990,-1.38,-0.42,5.69,30.935,29.905,394101,28125,2022-04-20 18:00
BANCO SABADELL,0.768,3.70,0.03,34.88,0.780,0.744,34582040,4322,2022-04-20 18:00
BANKINTER,5.398,2.16,0.11,21.08,5.448,5.310,2932723,4852,2022-04-20 18:00
BBVA,5.091,0.18,0.01,1.41,5.202,5.085,17675732,33946,2022-04-20 18:00
CAIXABANK,3.134,3.26,0.10,36.16,3.152,3.051,13964487,25262,2022-04-20 18:00
CELLNEX TELECOM,45.320,0.09,0.04,-11.45,45.940,45.210,1011085,30787,2022-04-20 18:00
CIE AUTOMOTIVE,20.500,1.59,0.32,-24.07,20.620,20.120,158647,2512,2022-04-20 18:00
COLONIAL,8.215,0.31,0.03,-0.42,8.235,8.150,772464,4433,2022-04-20 18:00
ENAGAS,21.050,0.48,0.10,3.19,21.200,20.840,774933,5515,2022-04-20 18:00
ENDESA,19.825,1.98,0.39,-1.86,19.880,19.420,787694,20990,2022-04-20 18:00
FERROVIAL,25.340,0.00,0.00,-8.06,25.440,24.960,732099,18589,2022-04-20 18:00
FLUIDRA,25.520,2.08,0.52,-27.50,25.640,24.840,317425,4992,2022-04-20 18:00
GRIFOLS,16.340,1.87,0.30,-3.17,16.350,16.015,1395697,6963,2022-04-20 18:00
IAG,1.734,-0.34,-0.01,1.76,1.753,1.712,11769737,8621,2022-04-20 18:00
IBERDROLA,10.620,1.48,0.15,3.74,10.685,10.410,10042368,68367,2022-04-20 18:00
INDITEX,20.860,0.43,0.09,-26.88,21.080,20.690,3739508,65013,2022-04-20 18:00
INDRA,9.420,2.89,0.27,-1.05,9.430,9.100,530177,1664,2022-04-20 18:00
MAPFRE,1.937,1.36,0.03,7.28,1.937,1.898,3197040,5965,2022-04-20 18:00
MELIÁ HOTELS,7.095,0.64,0.04,18.21,7.140,7.010,760932,1564,2022-04-20 18:00
MERLIN PROP,10.850,2.36,0.25,13.38,10.880,10.660,1726510,5097,2022-04-20 18:00
NATURGY,29.210,0.34,0.10,4.16,29.440,28.790,305104,28322,2022-04-20 18:00
PHARMA MAR,76.940,-1.11,-0.86,34.94,77.580,76.200,49307,1412,2022-04-20 18:00
RED ELÉCTRICA,19.125,-0.16,-0.03,1.98,19.260,19.005,1073941,10348,2022-04-20 18:00
REPSOL,13.630,-0.11,-0.02,34.22,13.810,13.585,3632773,21370,2022-04-20 18:00
ROVI,63.950,-0.78,-0.50,-13.35,64.850,63.350,167293,3586,2022-04-20 18:00
SANTANDER,3.212,1.58,0.05,9.23,3.251,3.181,51449372,55698,2022-04-20 18:00
SIEMENS GAMESA,15.860,2.99,0.46,-24.73,16.400,14.575,3914641,10803,2022-04-20 18:00
SOLARIA,21.990,2.81,0.60,28.45,22.250,21.200,528129,2748,2022-04-20 18:00
TELEFÓNICA,4.885,-1.17,-0.06,26.82,4.937,4.853,17750330,28231,2022-04-20 18:00
