ACCIONA,194.400,-1.07,-2.10,15.65,195.800,192.700,38755,10664,2022-04-20 12:14
ACERINOX,10.100,1.75,0.17,-11.29,10.150,9.930,455484,2733,2022-04-20 12:12
ACS,24.850,0.44,0.11,7.53,24.990,24.810,162178,7322,2022-04-20 12:07
AENA,149.100,-0.70,-1.05,7.42,150.500,148.550,31290,22365,2022-04-20 12:13
ALMIRALL,12.330,-0.16,-0.02,9.12,12.360,12.190,69809,2217,2022-04-20 12:13
AMADEUS IT GROUP,57.740,1.58,0.90,-3.19,57.820,56.560,104278,26012,2022-04-20 12:14
ARCELORMITTAL,30.850,1.45,0.44,8.72,30.935,30.285,117818,28931,2022-04-20 12:14
BANCO SABADELL,0.775,4.64,0.03,36.11,0.779,0.744,15972650,4361,2022-04-20 12:13
BANKINTER,5.412,2.42,0.13,21.39,5.448,5.310,1040465,4865,2022-04-20 12:13
BBVA,5.189,2.11,0.11,3.37,5.202,5.104,5100097,34600,2022-04-20 12:14
CAIXABANK,3.122,2.87,0.09,35.64,3.132,3.051,3432907,25165,2022-04-20 12:14
CELLNEX TELECOM,45.750,1.04,0.47,-10.61,45.940,45.230,161173,31079,2022-04-20 12:14
CIE AUTOMOTIVE,20.340,0.79,0.16,-24.67,20.400,20.120,49739,2493,2022-04-20 12:13
COLONIAL,8.175,-0.18,-0.01,-0.91,8.220,8.150,154036,4411,2022-04-20 12:07
ENAGAS,21.170,1.05,0.22,3.77,21.170,20.840,224643,5546,2022-04-20 12:14
ENDESA,19.770,1.70,0.33,-2.13,19.820,19.420,166413,20932,2022-04-20 12:14
FERROVIAL,25.200,-0.55,-0.14,-8.56,25.440,24.960,131941,18487,2022-04-20 12:13
FLUIDRA,25.480,1.92,0.48,-27.61,25.520,24.840,151606,4985,2022-04-20 12:13
GRIFOLS,16.195,0.97,0.15,-4.03,16.350,16.015,412854,6901,2022-04-20 12:14
IAG,1.729,-0.66,-0.01,1.44,1.751,1.712,5527903,8593,2022-04-20 12:14
IBERDROLA,10.605,1.34,0.14,3.59,10.655,10.410,1983175,68270,2022-04-20 12:14
INDITEX,20.950,0.87,0.18,-26.57,21.030,20.690,937291,65294,2022-04-20 12:14
INDRA,9.370,2.35,0.22,-1.58,9.375,9.100,203441,1655,2022-04-20 12:11
MAPFRE,1.917,0.31,0.01,6.18,1.920,1.898,951473,5904,2022-04-20 12:14
MELIÁ HOTELS,7.070,0.28,0.02,17.79,7.140,7.010,253407,1558,2022-04-20 12:13
MERLIN PROP,10.820,2.08,0.22,13.06,10.830,10.660,596495,5083,2022-04-20 12:13
NATURGY,29.360,0.86,0.25,4.70,29.390,28.790,27174,28468,2022-04-20 12:11
PHARMA MAR,76.580,-1.57,-1.22,34.30,77.580,76.200,18919,1406,2022-04-20 12:11
RED ELÉCTRICA,19.180,0.13,0.02,2.28,19.215,19.005,149461,10378,2022-04-20 12:15
REPSOL,13.720,0.55,0.07,35.11,13.810,13.610,1120428,21511,2022-04-20 12:14
ROVI,63.850,-0.93,-0.60,-13.48,64.850,63.500,80489,3580,2022-04-20 12:14
SANTANDER,3.237,2.37,0.08,10.08,3.250,3.181,14648950,56132,2022-04-20 12:14
SIEMENS GAMESA,15.870,3.05,0.47,-24.68,15.920,14.575,1711343,10810,2022-04-20 12:14
SOLARIA,21.940,2.57,0.55,28.15,22.070,21.200,235770,2741,2022-04-20 12:14
TELEFÓNICA,4.900,-0.87,-0.04,27.21,4.937,4.857,4378781,28317,2022-04-20 12:14
