ACCIONA,192.700,-1.93,-3.80,14.63,195.800,192.700,11063,10571,2022-04-20 09:16
ACERINOX,9.976,0.50,0.05,-12.38,10.020,9.930,66525,2699,2022-04-20 09:16
ACS,24.880,0.57,0.14,7.66,24.910,24.810,23739,7331,2022-04-20 09:15
AENA,149.300,-0.57,-0.85,7.56,150.500,148.950,5076,22395,2022-04-20 09:15
ALMIRALL,12.240,-0.89,-0.11,8.32,12.330,12.230,14781,2200,2022-04-20 09:10
AMADEUS IT GROUP,57.080,0.42,0.24,-4.29,57.220,56.560,19912,25714,2022-04-20 09:16
ARCELORMITTAL,30.600,0.62,0.19,7.84,30.645,30.285,21383,28697,2022-04-20 09:16
BANCO SABADELL,0.755,1.94,0.01,32.60,0.757,0.744,1993979,4248,2022-04-20 09:16
BANKINTER,5.336,0.98,0.05,19.69,5.354,5.310,91240,4796,2022-04-20 09:16
BBVA,5.146,1.26,0.06,2.51,5.159,5.104,745312,34313,2022-04-20 09:16
CAIXABANK,3.082,1.55,0.05,33.90,3.095,3.051,753020,24843,2022-04-20 09:16
CELLNEX TELECOM,45.710,0.95,0.43,-10.69,45.880,45.230,34134,31052,2022-04-20 09:16
CIE AUTOMOTIVE,20.320,0.69,0.14,-24.74,20.320,20.200,4409,2490,2022-04-20 09:16
COLONIAL,8.170,-0.24,-0.02,-0.97,8.220,8.150,23490,4409,2022-04-20 09:15
ENAGAS,21.080,0.62,0.13,3.33,21.170,21.030,31577,5523,2022-04-20 09:16
ENDESA,19.490,0.26,0.05,-3.51,19.545,19.460,23483,20635,2022-04-20 09:15
FERROVIAL,25.260,-0.32,-0.08,-8.35,25.440,25.200,38215,18531,2022-04-20 09:15
FLUIDRA,25.080,0.32,0.08,-28.75,25.140,24.840,28351,4906,2022-04-20 09:16
GRIFOLS,16.135,0.59,0.09,-4.39,16.210,16.015,66517,6876,2022-04-20 09:16
IAG,1.738,-0.09,-0.00,2.02,1.751,1.728,946229,8643,2022-04-20 09:16
IBERDROLA,10.460,-0.05,-0.01,2.17,10.495,10.450,455246,67337,2022-04-20 09:16
INDITEX,20.960,0.91,0.19,-26.53,20.960,20.820,151096,65325,2022-04-20 09:16
INDRA,9.205,0.55,0.05,-3.31,9.215,9.100,28866,1626,2022-04-20 09:16
MAPFRE,1.912,0.05,0.00,5.90,1.920,1.910,154411,5888,2022-04-20 09:16
MELIÁ HOTELS,7.065,0.21,0.01,17.71,7.140,7.045,58924,1557,2022-04-20 09:16
MERLIN PROP,10.690,0.85,0.09,11.70,10.770,10.660,58156,5022,2022-04-20 09:16
NATURGY,29.310,0.69,0.20,4.52,29.390,28.790,8860,28419,2022-04-20 09:15
PHARMA MAR,77.120,-0.87,-0.68,35.25,77.580,76.980,2715,1416,2022-04-20 09:16
RED ELÉCTRICA,19.135,-0.10,-0.02,2.04,19.215,19.125,23076,10354,2022-04-20 09:16
REPSOL,13.695,0.37,0.05,34.86,13.810,13.675,275334,21472,2022-04-20 09:16
ROVI,64.650,0.31,0.20,-12.40,64.850,63.500,5515,3625,2022-04-20 09:15
SANTANDER,3.207,1.42,0.05,9.06,3.215,3.181,3169290,55611,2022-04-20 09:16
SIEMENS GAMESA,14.800,-3.90,-0.60,-29.76,14.980,14.575,516737,10081,2022-04-20 09:16
SOLARIA,21.780,1.82,0.39,27.22,21.870,21.200,65091,2721,2022-04-20 09:16
TELEFÓNICA,4.902,-0.83,-0.04,27.26,4.937,4.887,942583,28329,2022-04-20 09:16
