ACCIONA,196.100,-0.20,-0.40,16.66,196.100,192.700,44752,10757,2022-04-20 13:15
ACERINOX,10.075,1.50,0.15,-11.51,10.150,9.930,499986,2726,2022-04-20 13:14
ACS,24.850,0.44,0.11,7.53,24.990,24.810,177407,7322,2022-04-20 13:13
AENA,149.650,-0.33,-0.50,7.82,150.500,148.550,35102,22448,2022-04-20 13:11
ALMIRALL,12.250,-0.81,-0.10,8.41,12.360,12.190,85640,2202,2022-04-20 13:11
AMADEUS IT GROUP,57.640,1.41,0.80,-3.35,57.840,56.560,127439,25967,2022-04-20 13:14
ARCELORMITTAL,30.580,0.56,0.17,7.77,30.935,30.285,150702,28678,2022-04-20 13:14
BANCO SABADELL,0.777,4.97,0.04,36.53,0.780,0.744,19004694,4374,2022-04-20 13:15
BANKINTER,5.390,2.01,0.11,20.90,5.448,5.310,1165034,4845,2022-04-20 13:14
BBVA,5.169,1.71,0.09,2.97,5.202,5.104,5767578,34466,2022-04-20 13:14
CAIXABANK,3.122,2.87,0.09,35.64,3.134,3.051,4155318,25165,2022-04-20 13:14
CELLNEX TELECOM,45.760,1.06,0.48,-10.59,45.940,45.230,189688,31086,2022-04-20 13:12
CIE AUTOMOTIVE,20.440,1.29,0.26,-24.30,20.460,20.120,69119,2505,2022-04-20 13:11
COLONIAL,8.215,0.31,0.03,-0.42,8.220,8.150,183481,4433,2022-04-20 13:09
ENAGAS,21.170,1.05,0.22,3.77,21.200,20.840,250909,5546,2022-04-20 13:12
ENDESA,19.790,1.80,0.35,-2.03,19.820,19.420,219982,20953,2022-04-20 13:14
FERROVIAL,25.340,0.00,0.00,-8.06,25.440,24.960,215057,18589,2022-04-20 13:13
FLUIDRA,25.480,1.92,0.48,-27.61,25.520,24.840,161229,4985,2022-04-20 13:11
GRIFOLS,16.250,1.31,0.21,-3.70,16.350,16.015,448626,6925,2022-04-20 13:14
IAG,1.742,0.11,0.00,2.23,1.751,1.712,6535158,8660,2022-04-20 13:14
IBERDROLA,10.625,1.53,0.16,3.79,10.655,10.410,2383929,68399,2022-04-20 13:13
INDITEX,21.010,1.16,0.24,-26.36,21.050,20.690,1097631,65481,2022-04-20 13:14
INDRA,9.375,2.40,0.22,-1.52,9.385,9.100,245906,1656,2022-04-20 13:08
MAPFRE,1.917,0.31,0.01,6.18,1.920,1.898,1099584,5904,2022-04-20 13:14
MELIÁ HOTELS,7.130,1.13,0.08,18.79,7.140,7.010,314956,1571,2022-04-20 13:13
MERLIN PROP,10.840,2.26,0.24,13.27,10.880,10.660,721059,5092,2022-04-20 13:14
NATURGY,29.320,0.72,0.21,4.55,29.440,28.790,41513,28429,2022-04-20 13:14
PHARMA MAR,77.200,-0.77,-0.60,35.39,77.580,76.200,23860,1417,2022-04-20 13:12
RED ELÉCTRICA,19.200,0.23,0.05,2.38,19.215,19.005,167637,10389,2022-04-20 13:14
REPSOL,13.715,0.51,0.07,35.06,13.810,13.610,1233338,21504,2022-04-20 13:11
ROVI,63.600,-1.32,-0.85,-13.82,64.850,63.400,98820,3566,2022-04-20 13:13
SANTANDER,3.222,1.90,0.06,9.57,3.250,3.181,18568872,55872,2022-04-20 13:14
SIEMENS GAMESA,16.030,4.09,0.63,-23.92,16.140,14.575,2098055,10919,2022-04-20 13:14
SOLARIA,22.100,3.32,0.71,29.09,22.160,21.200,285102,2761,2022-04-20 13:13
TELEFÓNICA,4.894,-0.99,-0.05,27.05,4.937,4.857,4988990,28283,2022-04-20 13:14
